2,1,1,0,0,0,0
49998,49997,1,0,0,0,0
99997,99996,1,0,0,0,0
149999,149998,1,0,0,0,0
199998,199997,1,0,0,0,0
249997,249996,1,0,0,0,0
299998,299997,1,0,0,0,0
349998,349997,1,0,0,0,0
399998,399997,1,0,0,0,0
449998,449997,1,0,0,0,0
499997,499996,1,0,0,0,0
549999,549998,1,0,0,0,0
599997,599996,1,0,0,0,0
649998,649997,1,0,0,0,0
699998,699997,1,0,0,0,0
749997,749996,1,0,0,0,0
799998,799997,1,0,0,0,0
849998,849997,1,0,0,0,0
899999,899998,1,0,0,0,0
949999,949998,1,0,0,0,0
999999,999998,1,0,0,0,0
1049998,1049998,1,0,0,0,0
1099998,1099997,1,0,0,0,0
1149998,1149997,1,0,0,0,0
1199998,1199997,1,0,0,0,0
1249998,1249997,1,0,0,0,0
1299998,1299997,1,0,0,0,0
1349999,1349998,1,0,0,0,0
1399999,1399999,1,0,0,0,0
1449999,1449998,1,0,0,0,0
1499999,1499998,1,0,0,0,0
1549998,1549997,1,0,0,0,0
1599997,1599997,1,0,0,0,0
1649998,1649998,1,0,0,0,0
1699998,1699997,1,0,0,0,0
1749999,1749998,1,0,0,0,0
1799998,1799997,1,0,0,0,0
1849999,1849998,1,0,0,0,0
1899999,1899998,1,0,0,0,0
1949997,1949996,1,0,0,0,0
1999998,1999997,1,0,1,0,1
2049998,2049998,1,0,1,0,1
2099999,2099998,1,0,1,0,1
2149997,2149996,1,0,1,0,1
2199999,2199998,1,0,0,0,0
2249998,2249997,1,0,0,0,0
2299998,2299998,1,0,0,0,0
2349997,2349996,1,0,0,0,0
2399998,2399997,1,0,0,0,0
2449997,2449997,1,0,0,0,0
2499998,2499997,1,0,0,0,0
2549998,2549997,1,0,0,0,0
2599999,2599998,1,0,0,0,0
2649999,2649998,1,0,0,0,0
2699998,2699997,1,0,0,0,0
2749998,2749997,1,0,0,0,0
2799998,2799997,1,0,0,0,0
2849999,2849998,1,0,0,0,0
2899998,2899997,1,0,0,0,0
2949997,2949996,1,0,0,0,0
2999998,2999997,1,0,0,0,0
3049998,3049998,1,0,0,0,0
3099997,3099997,1,0,0,0,0
3149997,3149996,1,0,0,0,0
3199997,3199996,1,0,0,0,0
3249997,3249996,1,0,0,0,0
3299999,3299998,1,0,0,0,0
3349997,3349996,1,0,0,0,0
3399998,3399997,1,0,0,0,0
3449997,3449996,1,0,0,0,0
3499999,3499998,1,0,0,0,0
3549998,3549997,1,0,0,0,0
3599997,3599996,1,0,0,0,0
3649999,3649998,1,0,0,0,0
3699999,3699998,1,0,0,0,0
3749998,3749998,1,0,0,0,0
3799997,3799997,1,0,0,0,0
3849999,3849998,1,0,0,0,0
3899998,3899997,1,0,0,0,0
3949999,3949998,1,0,0,0,0
3999998,3999998,1,0,0,0,0
4049998,4049998,1,0,0,0,0
4099997,4099997,1,0,0,0,0
4149997,4149996,1,0,0,0,0
4199997,4199997,1,0,0,0,0
4249998,4249998,1,0,0,0,0
4299999,4299999,1,0,0,0,0
4349999,4349998,1,0,0,0,0
4399999,4399998,1,0,0,0,0
4449998,4449997,1,0,0,0,0
4499998,4499997,1,0,0,0,0
4549997,4549996,1,0,0,0,0
4599997,4599996,1,0,0,0,0
4649998,4649998,1,0,0,0,0
4699998,4699997,1,0,0,0,0
4749998,4749997,1,0,0,0,0
4799999,4799998,1,0,0,0,0
4849998,4849998,1,0,0,0,0
4899998,4899997,1,0,0,0,0
4949997,4949996,1,0,0,0,0
4999998,4999997,1,0,0,0,0
5049997,5049997,1,0,0,0,0
5099999,5099998,1,0,0,0,0
5149997,5149997,1,0,0,0,0
5199997,5199996,1,0,0,0,0
5249998,5249997,1,0,0,0,0
5299997,5299996,1,0,0,0,0
5349999,5349999,1,0,0,0,0
5399997,5399996,1,0,0,0,0
5449997,5449996,1,0,0,0,0
5499998,5499997,1,0,0,0,0
5549997,5549996,1,0,0,0,0
5599998,5599997,1,0,0,0,0
5649997,5649997,1,0,0,0,0
5699998,5699998,1,0,0,0,0
5749998,5749997,1,0,0,0,0
5799997,5799997,1,0,0,0,0
5849998,5849997,1,0,0,0,0
5899999,5899998,1,0,0,0,0
5949999,5949998,1,0,0,0,0
5999998,5999998,1,0,0,0,0
6049998,6049997,1,0,0,0,0
6099997,6099996,1,0,0,0,0
6149999,6149998,1,0,0,0,0
6199998,6199997,1,0,0,0,0
6249997,6249996,1,0,0,0,0
6299998,6299997,1,0,0,0,0
6349998,6349997,1,0,0,0,0
6399998,6399997,1,0,0,0,0
6449999,6449998,1,0,0,0,0
6499999,6499998,1,0,0,0,0
6549998,6549997,1,0,0,0,0
6599997,6599996,1,0,0,0,0
6649999,6649998,1,0,0,0,0
6699999,6699998,1,0,0,0,0
6749997,6749996,1,0,0,0,0
6799999,6799998,1,0,0,0,0
6849998,6849997,1,0,0,0,0
6899997,6899996,1,0,0,0,0
6949997,6949996,1,0,0,0,0
6999998,6999998,1,0,0,0,0
7049998,7049997,1,0,0,0,0
7099997,7099996,1,0,0,0,0
7149997,7149997,1,0,0,0,0
7199998,7199997,1,0,0,0,0
7249999,7249999,1,0,0,0,0
7299998,7299997,1,0,0,0,0
7349997,7349996,1,0,0,0,0
7399997,7399996,1,0,0,0,0
7449999,7449998,1,0,0,0,0
7499997,7499996,1,0,0,0,0
7549999,7549998,1,0,0,0,0
7599999,7599998,1,0,0,0,0
7649999,7649998,1,0,0,0,0
7699997,7699996,1,0,0,0,0
7749997,7749996,1,0,0,0,0
7799998,7799997,1,0,0,0,0
7849998,7849997,1,0,0,0,0
7899999,7899998,1,0,0,0,0
7949999,7949998,1,0,0,0,0
7999998,7999997,1,0,0,0,0
8049999,8049998,1,0,0,0,0
8099998,8099997,1,0,0,0,0
8149997,8149997,1,0,0,0,0
8199997,8199996,1,0,0,0,0
8249998,8249997,1,0,0,0,0
8299997,8299996,1,0,0,0,0
8349998,8349997,1,0,0,0,0
8399997,8399996,1,0,0,0,0
8449999,8449998,1,0,0,0,0
8499998,8499997,1,0,0,0,0
8549998,8549997,1,0,0,0,0
8599998,8599997,1,0,0,0,0
8649997,8649997,1,0,0,0,0
8699998,8699997,1,0,0,0,0
8749998,8749998,1,0,0,0,0
8799998,8799997,1,0,0,0,0
8849997,8849996,1,0,0,0,0
8899998,8899998,1,0,0,0,0
8949998,8949998,1,0,0,0,0
8999998,8999997,1,0,0,0,0
9049998,9049997,1,0,0,0,0
9099999,9099998,1,0,0,0,0
9149998,9149997,1,0,0,0,0
9199998,9199997,1,0,0,0,0
9249998,9249998,1,0,0,0,0
9299998,9299997,1,0,0,0,0
9349999,9349999,1,0,0,0,0
9399998,9399997,1,0,0,0,0
9449997,9449996,1,0,0,0,0
9499999,9499998,1,0,0,0,0
9549999,9549998,1,0,0,0,0
9599998,9599998,1,0,0,0,0
9649998,9649997,1,0,0,0,0
9699999,9699998,1,0,0,0,0
9749998,9749997,1,0,0,0,0
9799999,9799998,1,0,0,0,0
9849998,9849998,1,0,0,0,0
9899998,9899997,1,0,0,0,0
9949997,9949997,1,0,0,0,0
9999998,9999997,1,0,0,1,1
10049999,10049998,1,0,0,1,1
10099998,10099997,1,0,0,1,1
10149998,10149998,1,0,0,1,1
10199999,10199998,1,0,0,0,0
10249999,10249999,1,0,0,0,0
10299998,10299998,1,0,0,0,0
10349998,10349998,1,0,0,0,0
10399999,10399998,1,0,0,0,0
10449998,10449997,1,0,0,0,0
10499998,10499998,1,0,0,0,0
10549997,10549996,1,0,0,0,0
10599998,10599997,1,0,0,0,0
10650008,10650007,1,0,0,0,0
10699999,10699998,1,0,0,0,0
10749997,10749996,1,0,0,0,0
10799998,10799997,1,0,0,0,0
10849998,10849997,1,0,0,0,0
10899997,10899996,1,0,0,0,0
10949998,10949997,1,0,0,0,0
10999999,10999998,1,0,0,0,0
11049999,11049998,1,0,0,0,0
11099999,11099999,1,0,0,0,0
11149997,11149996,1,0,0,0,0
11199999,11199998,1,0,0,0,0
11249998,11249997,1,0,0,0,0
11299998,11299998,1,0,0,0,0
11349999,11349998,1,0,0,0,0
11399997,11399997,1,0,0,0,0
11449999,11449999,1,0,0,0,0
11499997,11499996,1,0,0,0,0
11549997,11549996,1,0,0,0,0
11599998,11599997,1,0,0,0,0
11649998,11649998,1,0,0,0,0
11699999,11699998,1,0,0,0,0
11749997,11749996,1,0,0,0,0
11799999,11799998,1,0,0,0,0
11849999,11849998,1,0,0,0,0
11899997,11899996,1,0,0,0,0
11949998,11949997,1,0,0,0,0
11999997,11999997,1,0,0,0,0
12049998,12049997,1,0,0,0,0
12099998,12099997,1,0,0,0,0
12149999,12149998,1,0,0,0,0
12199999,12199998,1,0,0,0,0
12249997,12249997,1,0,0,0,0
12299998,12299997,1,0,0,0,0
12349997,12349996,1,0,0,0,0
12399997,12399996,1,0,0,0,0
12449999,12449998,1,0,0,0,0
12499998,12499998,1,0,0,0,0
12549999,12549998,1,0,0,0,0
12599998,12599997,1,0,0,0,0
12649998,12649997,1,0,0,0,0
12699998,12699997,1,0,0,0,0
12749999,12749999,1,0,0,0,0
12799997,12799996,1,0,0,0,0
12849998,12849997,1,0,0,0,0
12899999,12899998,1,0,0,0,0
12949999,12949998,1,0,0,0,0
12999998,12999997,1,0,0,0,0
13049997,13049997,1,0,0,0,0
13099998,13099998,1,0,0,0,0
13149998,13149997,1,0,0,0,0
13199997,13199997,1,0,0,0,0
13249998,13249997,1,0,0,0,0
13299997,13299997,1,0,0,0,0
13349997,13349996,1,0,0,0,0
13399998,13399997,1,0,0,0,0
13449999,13449998,1,0,0,0,0
13499997,13499996,1,0,0,0,0
13549998,13549997,1,0,0,0,0
13599999,13599998,1,0,0,0,0
13649999,13649998,1,0,0,0,0
13699997,13699997,1,0,0,0,0
13749997,13749996,1,0,0,0,0
13799998,13799997,1,0,0,0,0
13849998,13849997,1,0,0,0,0
13899998,13899997,1,0,0,0,0
13949998,13949997,1,0,0,0,0
13999999,13999999,1,0,0,0,0
14049997,14049997,1,0,0,0,0
14099998,14099997,1,0,0,0,0
14149997,14149997,1,0,0,0,0
14199997,14199997,1,0,0,0,0
14249998,14249997,1,0,0,0,0
14299998,14299997,1,0,0,0,0
14349999,14349998,1,0,0,0,0
14399999,14399998,1,0,0,0,0
14449999,14449998,1,0,0,0,0
14499998,14499997,1,0,0,0,0
14549997,14549996,1,0,0,0,0
14599998,14599997,1,0,0,0,0
14649997,14649996,1,0,0,0,0
14699999,14699998,1,0,0,0,0
14749998,14749998,1,0,0,0,0
14799997,14799996,1,0,0,0,0
14849997,14849997,1,0,0,0,0
14899998,14899997,1,0,0,0,0
14949998,14949997,1,0,0,0,0
14999999,14999998,1,1,0,0,0
15049998,15049997,1,1,0,0,0
15099998,15099998,1,1,0,0,0
15149999,15149998,1,1,0,0,0
15199997,15199997,1,0,0,0,0
15249997,15249996,1,0,0,0,0
15299998,15299997,1,0,0,0,0
15349997,15349997,1,0,0,0,0
15399998,15399997,1,0,0,0,0
15449998,15449997,1,0,0,0,0
15499999,15499998,1,0,0,0,0
15549997,15549996,1,0,0,0,0
15599998,15599997,1,0,0,0,0
15649998,15649997,1,0,0,0,0
15699997,15699996,1,0,0,0,0
15749998,15749997,1,0,0,0,0
15799997,15799996,1,0,0,0,0
15849997,15849996,1,0,0,0,0
15899998,15899997,1,0,0,0,0
15949999,15949998,1,0,0,0,0
15999999,15999998,1,0,0,0,0
16049998,16049997,1,0,0,0,0
16099999,16099998,1,0,0,0,0
16149997,16149996,1,0,0,0,0
16199999,16199998,1,0,0,0,0
16249998,16249997,1,0,0,0,0
16299999,16299998,1,0,0,0,0
16349999,16349998,1,0,0,0,0
16399998,16399998,1,0,0,0,0
16449999,16449998,1,0,0,0,0
16499999,16499998,1,0,0,0,0
16549997,16549996,1,0,0,0,0
16599998,16599997,1,0,0,0,0
16649998,16649997,1,0,0,0,0
16699999,16699998,1,0,0,0,0
16749999,16749998,1,0,0,0,0
16799999,16799998,1,0,0,0,0
16849999,16849999,1,0,0,0,0
16899997,16899996,1,0,0,0,0
16949998,16949997,1,0,0,0,0
16999998,16999997,1,0,0,0,0
17049999,17049998,1,0,0,0,0
17099998,17099997,1,0,0,0,0
17149999,17149999,1,0,0,0,0
17199999,17199998,1,0,0,0,0
17249998,17249998,1,0,0,0,0
17299998,17299997,1,0,0,0,0
17349998,17349997,1,0,0,0,0
17399997,17399996,1,0,0,0,0
17449998,17449998,1,0,0,0,0
17499998,17499997,1,0,0,0,0
17549998,17549997,1,0,0,0,0
17599998,17599997,1,0,0,0,0
17649999,17649998,1,0,0,0,0
17699998,17699997,1,0,0,0,0
17749999,17749998,1,0,0,0,0
17799998,17799997,1,0,0,0,0
17849999,17849998,1,0,0,0,0
17899997,17899996,1,0,0,0,0
17949997,17949996,1,0,0,0,0
17999999,17999998,1,0,0,0,0
18049999,18049998,1,0,0,0,0
18099997,18099997,1,0,0,0,0
18149997,18149997,1,0,0,0,0
18199999,18199998,1,0,0,0,0
18249998,18249997,1,0,0,0,0
18299998,18299997,1,0,0,0,0
18349999,18349998,1,0,0,0,0
18399998,18399998,1,0,0,0,0
18449999,18449998,1,0,0,0,0
18499997,18499997,1,0,0,0,0
18549998,18549998,1,0,0,0,0
18599998,18599997,1,0,0,0,0
18649999,18649998,1,0,0,0,0
18699998,18699997,1,0,0,0,0
18749999,18749998,1,0,0,0,0
18799999,18799998,1,0,0,0,0
18849999,18849998,1,0,0,0,0
18899999,18899998,1,0,0,0,0
18949997,18949997,1,0,0,0,0
18999999,18999998,1,0,0,0,0
19049997,19049997,1,0,0,0,0
19099998,19099997,1,0,0,0,0
19149999,19149998,1,0,0,0,0
19199999,19199998,1,0,0,0,0
19249998,19249997,1,0,0,0,0
19299999,19299998,1,0,0,0,0
19349997,19349996,1,0,0,0,0
19399999,19399998,1,0,0,0,0
19449999,19449998,1,0,0,0,0
19499999,19499998,1,0,0,0,0
19549998,19549997,1,0,0,0,0
19599997,19599996,1,0,0,0,0
19649999,19649998,1,0,0,0,0
19699998,19699997,1,0,0,0,0
19749997,19749997,1,0,0,0,0
19799999,19799998,1,0,0,0,0
19849999,19849998,1,0,0,0,0
19899997,19899996,1,0,0,0,0
19949998,19949997,1,0,0,0,0
19999997,1,2,0,0,0,0
20049998,49995,2,0,0,0,0
20099997,99994,2,0,0,0,0
20149998,149995,2,0,0,0,0
20199998,199994,2,0,0,0,0
20249998,249994,2,0,0,0,0
20299998,299994,2,0,0,0,0
20349997,349994,2,0,0,0,0
20399997,399993,2,0,0,0,0
20449999,449995,2,0,0,0,0
20499999,499995,2,0,0,0,0
20549999,549995,2,0,0,0,0
20599997,599993,2,0,0,0,0
20649997,649994,2,0,0,0,0
20699997,699994,2,0,0,0,0
20749999,749995,2,0,0,0,0
20799998,799995,2,0,0,0,0
20849998,849994,2,0,0,0,0
20899999,899995,2,0,0,0,0
20949998,949994,2,0,0,0,0
20999999,999996,2,0,0,0,0
21049999,1049995,2,0,0,0,0
21099999,1099995,2,0,0,0,0
21149999,1149995,2,0,0,0,0
21199998,1199994,2,0,0,0,0
21249999,1249995,2,0,0,0,0
21299997,1299993,2,0,0,0,0
21349999,1349996,2,0,0,0,0
21399998,1399995,2,0,0,0,0
21449998,1449994,2,0,0,0,0
21499999,1499995,2,0,0,0,0
21549997,1549993,2,0,0,0,0
21599998,1599994,2,0,0,0,0
21649997,1649994,2,0,0,0,0
21699998,1699994,2,0,0,0,0
21749999,1749995,2,0,0,0,0
21799998,1799994,2,0,0,0,0
21849999,1849995,2,0,0,0,0
21899997,1899993,2,0,0,0,0
21949998,1949994,2,0,0,0,0
21999997,1999994,2,0,1,0,1
22049998,2049994,2,0,1,0,1
22099999,2099996,2,0,1,0,1
22149998,2149994,2,0,1,0,1
22199998,2199994,2,0,0,0,0
22249998,2249994,2,0,0,0,0
22299999,2299995,2,0,0,0,0
22349998,2349994,2,0,0,0,0
22399999,2399995,2,0,0,0,0
22449997,2449994,2,0,0,0,0
22499999,2499995,2,0,0,0,0
22549999,2549995,2,0,0,0,0
22599997,2599993,2,0,0,0,0
22649999,2649995,2,0,0,0,0
22699999,2699995,2,0,0,0,0
22749998,2749995,2,0,0,0,0
22799998,2799994,2,0,0,0,0
22849999,2849996,2,0,0,0,0
22899999,2899995,2,0,0,0,0
22949999,2949995,2,0,0,0,0
22999997,2999994,2,0,0,0,0
23049999,3049995,2,0,0,0,0
23099998,3099994,2,0,0,0,0
23149997,3149993,2,0,0,0,0
23199997,3199994,2,0,0,0,0
23249998,3249995,2,0,0,0,0
23299999,3299995,2,0,0,0,0
23349997,3349993,2,0,0,0,0
23399998,3399994,2,0,0,0,0
23449998,3449994,2,0,0,0,0
23500011,3500007,2,0,0,0,0
23549998,3549994,2,0,0,0,0
23599998,3599994,2,0,0,0,0
23649998,3649994,2,0,0,0,0
23699999,3699995,2,0,0,0,0
23749999,3749995,2,0,0,0,0
23799999,3799995,2,0,0,0,0
23849999,3849995,2,0,0,0,0
23899998,3899994,2,0,0,0,0
23949999,3949995,2,0,0,0,0
23999999,3999995,2,0,0,0,0
24049998,4049994,2,0,0,0,0
24099999,4099995,2,0,0,0,0
24149999,4149995,2,0,0,0,0
24199998,4199994,2,0,0,0,0
24249997,4249993,2,0,0,0,0
24299998,4299994,2,0,0,0,0
24349999,4349996,2,0,0,0,0
24399999,4399996,2,0,0,0,0
24449999,4449996,2,0,0,0,0
24499998,4499994,2,0,0,0,0
24549998,4549994,2,0,0,0,0
24599998,4599994,2,0,0,0,0
24649997,4649994,2,0,0,0,0
24699999,4699995,2,0,0,0,0
24749998,4749995,2,0,0,0,0
24799999,4799995,2,0,0,0,0
24849998,4849994,2,0,0,0,0
24899998,4899994,2,0,0,0,0
24949997,4949993,2,0,0,0,0
25000004,5000001,2,0,0,0,0
25049999,5049995,2,0,0,0,0
25099998,5099994,2,0,0,0,0
25149998,5149994,2,0,0,0,0
25199999,5199996,2,0,0,0,0
25249999,5249995,2,0,0,0,0
25299999,5299995,2,0,0,0,0
25349998,5349994,2,0,0,0,0
25399998,5399994,2,0,0,0,0
25449997,5449993,2,0,0,0,0
25499997,5499993,2,0,0,0,0
25549997,5549994,2,0,0,0,0
25599999,5599995,2,0,0,0,0
25649999,5649995,2,0,0,0,0
25699999,5699995,2,0,0,0,0
25749998,5749994,2,0,0,0,0
25799999,5799995,2,0,0,0,0
25849998,5849995,2,0,0,0,0
25899998,5899994,2,0,0,0,0
25949997,5949994,2,0,0,0,0
25999999,5999995,2,0,0,0,0
26049998,6049994,2,0,0,0,0
26099999,6099995,2,0,0,0,0
26149998,6149995,2,0,0,0,0
26199998,6199995,2,0,0,0,0
26249998,6249994,2,0,0,0,0
26299999,6299995,2,0,0,0,0
26349998,6349994,2,0,0,0,0
26399998,6399994,2,0,0,0,0
26449999,6449995,2,0,0,0,0
26499998,6499994,2,0,0,0,0
26549998,6549994,2,0,0,0,0
26599998,6599994,2,0,0,0,0
26649998,6649994,2,0,0,0,0
26699999,6699995,2,0,0,0,0
26749999,6749995,2,0,0,0,0
26799998,6799994,2,0,0,0,0
26849997,6849993,2,0,0,0,0
26899997,6899993,2,0,0,0,0
26949997,6949994,2,0,0,0,0
26999997,6999994,2,0,0,0,0
27049999,7049995,2,0,0,0,0
27099998,7099994,2,0,0,0,0
27149998,7149994,2,0,0,0,0
27199998,7199994,2,0,0,0,0
27249997,7249994,2,0,0,0,0
27299999,7299996,2,0,0,0,0
27349999,7349995,2,0,0,0,0
27399998,7399994,2,0,0,0,0
27449998,7449994,2,0,0,0,0
27499999,7499996,2,0,0,0,0
27549998,7549994,2,0,0,0,0
27599999,7599995,2,0,0,0,0
27649998,7649994,2,0,0,0,0
27699998,7699995,2,0,0,0,0
27749999,7749995,2,0,0,0,0
27799999,7799996,2,0,0,0,0
27849998,7849994,2,0,0,0,0
27899997,7899994,2,0,0,0,0
27949998,7949994,2,0,0,0,0
27999999,7999995,2,0,0,0,0
28049997,8049994,2,0,0,0,0
28099998,8099994,2,0,0,0,0
28149997,8149994,2,0,0,0,0
28199998,8199994,2,0,0,0,0
28249999,8249995,2,0,0,0,0
28299997,8299994,2,0,0,0,0
28349999,8349995,2,0,0,0,0
28399999,8399995,2,0,0,0,0
28449999,8449995,2,0,0,0,0
28499998,8499994,2,0,0,0,0
28549999,8549995,2,0,0,0,0
28599998,8599994,2,0,0,0,0
28649997,8649994,2,0,0,0,0
28699998,8699995,2,0,0,0,0
28749998,8749994,2,0,0,0,0
28799999,8799996,2,0,0,0,0
28849998,8849994,2,0,0,0,0
28899998,8899994,2,0,0,0,0
28949997,8949994,2,0,0,0,0
28999999,8999996,2,0,0,0,0
29049998,9049995,2,0,0,0,0
29099998,9099994,2,0,0,0,0
29149997,9149993,2,0,0,0,0
29199997,9199994,2,0,0,0,0
29249998,9249995,2,0,0,0,0
29299999,9299995,2,0,0,0,0
29349998,9349994,2,0,0,0,0
29399999,9399995,2,0,0,0,0
29449997,9449993,2,0,0,0,0
29499999,9499995,2,0,0,0,0
29549997,9549994,2,0,0,0,0
29599997,9599993,2,0,0,0,0
29649997,9649993,2,0,0,0,0
29699997,9699994,2,0,0,0,0
29749999,9749995,2,0,0,0,0
29799997,9799994,2,0,0,0,0
29849998,9849994,2,0,0,0,0
29899999,9899996,2,0,0,0,0
29949998,9949995,2,0,0,0,0
29999998,9999995,2,0,0,1,1
30049997,10049993,2,0,0,1,1
30099997,10099994,2,0,0,1,1
30149998,10149994,2,0,0,1,1
30199999,10199995,2,0,0,0,0
30249997,10249993,2,0,0,0,0
30299997,10299994,2,0,0,0,0
30349999,10349995,2,0,0,0,0
30399998,10399994,2,0,0,0,0
30449997,10449994,2,0,0,0,0
30499999,10499996,2,0,0,0,0
30549997,10549994,2,0,0,0,0
30599998,10599994,2,0,0,0,0
30649997,10649994,2,0,0,0,0
30699999,10699996,2,0,0,0,0
30749999,10749995,2,0,0,0,0
30799999,10799995,2,0,0,0,0
30849998,10849994,2,0,0,0,0
30899999,10899995,2,0,0,0,0
30949998,10949994,2,0,0,0,0
30999998,10999994,2,0,0,0,0
31049998,11049994,2,0,0,0,0
31099997,11099994,2,0,0,0,0
31149999,11149995,2,0,0,0,0
31199998,11199994,2,0,0,0,0
31249999,11249995,2,0,0,0,0
31299998,11299994,2,0,0,0,0
31349999,11349995,2,0,0,0,0
31399998,11399994,2,0,0,0,0
31449999,11449995,2,0,0,0,0
31499999,11499995,2,0,0,0,0
31549998,11549994,2,0,0,0,0
31599998,11599994,2,0,0,0,0
31649997,11649993,2,0,0,0,0
31699997,11699994,2,0,0,0,0
31749998,11749994,2,0,0,0,0
31799998,11799994,2,0,0,0,0
31849998,11849994,2,0,0,0,0
31899998,11899995,2,0,0,0,0
31949997,11949993,2,0,0,0,0
31999999,11999995,2,0,0,0,0
32049998,12049994,2,0,0,0,0
32099998,12099994,2,0,0,0,0
32149998,12149994,2,0,0,0,0
32199998,12199994,2,0,0,0,0
32249998,12249994,2,0,0,0,0
32299997,12299994,2,0,0,0,0
32349998,12349994,2,0,0,0,0
32399997,12399994,2,0,0,0,0
32449999,12449995,2,0,0,0,0
32499999,12499995,2,0,0,0,0
32549998,12549994,2,0,0,0,0
32599999,12599995,2,0,0,0,0
32649999,12649995,2,0,0,0,0
32699999,12699995,2,0,0,0,0
32749998,12749995,2,0,0,0,0
32799999,12799995,2,0,0,0,0
32849997,12849994,2,0,0,0,0
32899998,12899994,2,0,0,0,0
32949998,12949994,2,0,0,0,0
32999999,12999995,2,0,0,0,0
33049998,13049994,2,0,0,0,0
33099997,13099994,2,0,0,0,0
33149999,13149995,2,0,0,0,0
33199998,13199994,2,0,0,0,0
33249998,13249994,2,0,0,0,0
33299998,13299995,2,0,0,0,0
33349999,13349995,2,0,0,0,0
33399998,13399995,2,0,0,0,0
33449998,13449994,2,0,0,0,0
33499998,13499994,2,0,0,0,0
33549999,13549995,2,0,0,0,0
33599999,13599995,2,0,0,0,0
33649999,13649996,2,0,0,0,0
33699997,13699993,2,0,0,0,0
33749999,13749995,2,0,0,0,0
33799998,13799995,2,0,0,0,0
33849999,13849995,2,0,0,0,0
33899998,13899994,2,0,0,0,0
33949999,13949996,2,0,0,0,0
33999997,13999994,2,0,0,0,0
34049998,14049994,2,0,0,0,0
34099999,14099995,2,0,0,0,0
34149998,14149995,2,0,0,0,0
34199998,14199994,2,0,0,0,0
34249999,14249995,2,0,0,0,0
34299998,14299994,2,0,0,0,0
34349998,14349994,2,0,0,0,0
34399997,14399994,2,0,0,0,0
34449998,14449995,2,0,0,0,0
34499997,14499993,2,0,0,0,0
34549999,14549995,2,0,0,0,0
34599999,14599996,2,0,0,0,0
34649999,14649995,2,0,0,0,0
34699999,14699996,2,0,0,0,0
34749997,14749994,2,0,0,0,0
34799999,14799995,2,0,0,0,0
34849998,14849994,2,0,0,0,0
34899998,14899994,2,0,0,0,0
34949999,14949996,2,0,0,0,0
34999998,14999994,2,1,0,0,0
35049998,15049994,2,1,0,0,0
35099998,15099995,2,1,0,0,0
35149997,15149993,2,1,0,0,0
35199997,15199994,2,0,0,0,0
35249998,15249995,2,0,0,0,0
35299998,15299994,2,0,0,0,0
35349999,15349995,2,0,0,0,0
35399998,15399994,2,0,0,0,0
35449997,15449993,2,0,0,0,0
35499997,15499993,2,0,0,0,0
35549997,15549993,2,0,0,0,0
35599999,15599996,2,0,0,0,0
35649998,15649994,2,0,0,0,0
35699999,15699996,2,0,0,0,0
35749999,15749995,2,0,0,0,0
35799997,15799993,2,0,0,0,0
35849999,15849996,2,0,0,0,0
35899998,15899994,2,0,0,0,0
35949998,15949994,2,0,0,0,0
35999997,15999993,2,0,0,0,0
36050001,16049995,2,0,0,0,0
36100001,16099997,2,0,0,0,0
36150001,16149997,2,0,0,0,0
36200000,16199997,2,0,0,0,0
36250001,16249997,2,0,0,0,0
36300000,16299996,2,0,0,0,0
36350001,16349997,2,0,0,0,0
36399999,16399996,2,0,0,0,0
36449999,16449996,2,0,0,0,0
36499999,16499995,2,0,0,0,0
36549998,16549995,2,0,0,0,0
36599998,16599995,2,0,0,0,0
36649998,16649994,2,0,0,0,0
36699999,16699996,2,0,0,0,0
36749998,16749994,2,0,0,0,0
36799998,16799994,2,0,0,0,0
36849999,16849995,2,0,0,0,0
36899997,16899994,2,0,0,0,0
36949998,16949995,2,0,0,0,0
36999998,16999995,2,0,0,0,0
37049998,17049995,2,0,0,0,0
37099999,17099996,2,0,0,0,0
37149998,17149995,2,0,0,0,0
37199998,17199995,2,0,0,0,0
37249999,17249995,2,0,0,0,0
37299999,17299995,2,0,0,0,0
37349998,17349994,2,0,0,0,0
37399999,17399995,2,0,0,0,0
37449997,17449993,2,0,0,0,0
37499999,17499995,2,0,0,0,0
37549997,17549993,2,0,0,0,0
37599999,17599995,2,0,0,0,0
37649998,17649994,2,0,0,0,0
37699998,17699995,2,0,0,0,0
37749998,17749995,2,0,0,0,0
37799997,17799993,2,0,0,0,0
37850009,17850005,2,0,0,0,0
37899999,17899996,2,0,0,0,0
37949999,17949995,2,0,0,0,0
37999999,17999995,2,0,0,0,0
38049999,18049995,2,0,0,0,0
38099997,18099994,2,0,0,0,0
38149997,18149993,2,0,0,0,0
38199997,18199994,2,0,0,0,0
38249999,18249995,2,0,0,0,0
38299997,18299994,2,0,0,0,0
38349999,18349995,2,0,0,0,0
38399999,18399995,2,0,0,0,0
38449999,18449996,2,0,0,0,0
38499997,18499994,2,0,0,0,0
38549998,18549994,2,0,0,0,0
38599997,18599994,2,0,0,0,0
38649999,18649995,2,0,0,0,0
38699998,18699995,2,0,0,0,0
38749999,18749995,2,0,0,0,0
38799998,18799995,2,0,0,0,0
38849998,18849994,2,0,0,0,0
38899998,18899994,2,0,0,0,0
38949998,18949994,2,0,0,0,0
38999998,18999994,2,0,0,0,0
39049997,19049993,2,0,0,0,0
39099998,19099994,2,0,0,0,0
39149997,19149993,2,0,0,0,0
39199997,19199994,2,0,0,0,0
39249997,19249994,2,0,0,0,0
39299998,19299995,2,0,0,0,0
39349998,19349995,2,0,0,0,0
39399998,19399994,2,0,0,0,0
39449998,19449995,2,0,0,0,0
39499998,19499994,2,0,0,0,0
39549997,19549994,2,0,0,0,0
39599999,19599995,2,0,0,0,0
39649999,19649996,2,0,0,0,0
39699997,19699993,2,0,0,0,0
39749997,19749994,2,0,0,0,0
39799999,19799995,2,0,0,0,0
39849999,19849995,2,0,0,0,0
39899999,19899995,2,0,0,0,0
39949998,19949994,2,0,0,0,0
END
