0.00
0.00
timestamp[ms],left_dx[um],left_dy[um],left_dt[us],right_dx[um],right_dy[um],right_dt[us],waterPin
0,,,50153.000,0.000,0.000,50153.000,0
51,,,50000.000,0.000,0.000,50000.000,0
101,,,50000.000,0.000,0.000,50000.000,0
151,,,50000.000,0.000,0.000,50000.000,0
201,,,50000.000,0.000,0.000,50000.000,0
251,,,50000.000,0.000,0.000,50000.000,0
301,,,50000.000,0.000,0.000,50000.000,0
351,,,50000.000,0.000,0.000,50000.000,0
401,,,50000.000,0.000,0.000,50000.000,0
451,,,50000.000,0.000,0.000,50000.000,0
501,,,50000.000,0.000,0.000,50000.000,0
551,,,50000.000,0.000,0.000,50000.000,0
601,,,50000.000,0.000,0.000,50000.000,0
651,,,50000.000,0.000,0.000,50000.000,0
701,,,50000.000,0.000,0.000,50000.000,0
751,,,50000.000,0.000,0.000,50000.000,0
801,,,50000.000,0.000,0.000,50000.000,0
851,,,50000.000,0.000,0.000,50000.000,0
901,,,50000.000,0.000,0.000,50000.000,0
951,,,50000.000,0.000,0.000,50000.000,0
1001,,,50000.000,0.000,0.000,50000.000,0
1051,,,50000.000,0.000,0.000,50000.000,0
1101,,,50000.000,0.000,0.000,50000.000,0
1151,,,50000.000,0.000,0.000,50000.000,0
1201,,,50000.000,0.000,0.000,50000.000,0
1251,,,50000.000,0.000,0.000,50000.000,0
1301,,,50000.000,0.000,0.000,50000.000,0
1351,,,50000.000,0.000,0.000,50000.000,0
1401,,,50000.000,0.000,0.000,50000.000,0
1451,,,50000.000,0.000,0.000,50000.000,0
1501,,,50000.000,0.000,0.000,50000.000,0
1551,,,50000.000,0.000,0.000,50000.000,0
1601,,,50000.000,0.000,0.000,50000.000,0
1651,,,50000.000,0.000,0.000,50000.000,0
1701,,,50000.000,0.000,0.000,50000.000,0
1751,,,50000.000,0.000,0.000,50000.000,0
1801,,,50000.000,0.000,0.000,50000.000,0
1851,,,50000.000,0.000,0.000,50000.000,0
1901,,,50000.000,0.000,0.000,50000.000,0
1951,,,50000.000,0.000,0.000,50000.000,0
2001,,,50000.000,0.000,0.000,50000.000,0
2051,,,50000.000,0.000,0.000,50000.000,0
2101,,,50000.000,0.000,0.000,50000.000,0
2151,,,50000.000,0.000,0.000,50000.000,0
2201,,,50000.000,0.000,0.000,50000.000,0
2251,,,50000.000,0.000,0.000,50000.000,0
2301,,,50000.000,0.000,0.000,50000.000,0
2351,,,50000.000,0.000,0.000,50000.000,0
2401,,,50000.000,0.000,0.000,50000.000,0
2451,,,50000.000,0.000,0.000,50000.000,0
2501,,,50000.000,0.000,0.000,50000.000,0
2551,,,50000.000,0.000,0.000,50000.000,0
2601,,,50000.000,0.000,0.000,50000.000,0
2651,,,50000.000,0.000,0.000,50000.000,0
2701,,,50000.000,0.000,0.000,50000.000,0
2751,,,50000.000,0.000,0.000,50000.000,0
2801,,,50000.000,0.000,0.000,50000.000,0
2851,,,50000.000,0.000,0.000,50000.000,0
2901,,,50000.000,0.000,0.000,50000.000,0
2951,,,50000.000,0.000,0.000,50000.000,0
3001,,,50000.000,0.000,0.000,50000.000,0
3051,,,50000.000,0.000,0.000,50000.000,0
3101,,,50000.000,0.000,0.000,50000.000,0
3151,,,50000.000,0.000,0.000,50000.000,0
3201,,,50000.000,0.000,0.000,50000.000,0
3251,,,50000.000,0.000,0.000,50000.000,0
3301,,,50000.000,0.000,0.000,50000.000,0
3351,,,50000.000,0.000,0.000,50000.000,0
3401,,,50000.000,0.000,0.000,50000.000,0
3451,,,50000.000,0.000,0.000,50000.000,0
3501,,,50000.000,0.000,0.000,50000.000,0
3551,,,50000.000,0.000,0.000,50000.000,0
3601,,,50000.000,0.000,0.000,50000.000,0
3651,,,50000.000,0.000,0.000,50000.000,0
3701,,,50000.000,0.000,0.000,50000.000,0
3751,,,50000.000,0.000,0.000,50000.000,0
3801,,,50000.000,0.000,0.000,50000.000,0
3851,,,50000.000,0.000,0.000,50000.000,0
3901,,,50000.000,0.000,0.000,50000.000,0
3951,,,50000.000,0.000,0.000,50000.000,0
4001,,,50000.000,0.000,0.000,50000.000,0
4051,,,50000.000,0.000,0.000,50000.000,0
4101,,,50000.000,0.000,0.000,50000.000,0
4151,,,50000.000,0.000,0.000,50000.000,0
4201,,,50000.000,0.000,0.000,50000.000,0
4251,,,50000.000,0.000,0.000,50000.000,0
4301,,,50000.000,0.000,0.000,50000.000,0
4351,,,50000.000,0.000,0.000,50000.000,0
4401,,,50000.000,0.000,0.000,50000.000,0
4451,,,50000.000,0.000,0.000,50001.000,0
4501,,,50000.000,0.000,0.000,49999.000,0
4551,,,50000.000,0.000,0.000,50000.000,0
4601,,,50000.000,0.000,0.000,50000.000,0
4651,,,50000.000,0.000,0.000,50000.000,0
4701,,,50000.000,0.000,0.000,50000.000,0
4751,,,50000.000,0.000,0.000,50000.000,0
4801,,,50000.000,0.000,0.000,50000.000,0
4851,,,50000.000,0.000,0.000,50000.000,0
4901,,,50000.000,0.000,0.000,50000.000,0
4951,,,50000.000,0.000,0.000,50000.000,0
5001,,,50000.000,0.000,0.000,50000.000,0
5051,,,50000.000,0.000,0.000,50000.000,0
5101,,,50000.000,0.000,0.000,50000.000,0
5151,,,50000.000,0.000,0.000,50000.000,0
5201,,,50000.000,0.000,0.000,50000.000,0
5251,,,50000.000,0.000,0.000,50000.000,0
5301,,,50000.000,0.000,0.000,50000.000,0
5351,,,50000.000,0.000,0.000,50000.000,0
5401,,,50000.000,0.000,0.000,50000.000,0
5451,,,50000.000,0.000,0.000,50000.000,0
5501,,,50000.000,0.000,0.000,50000.000,0
5551,,,50000.000,0.000,0.000,50000.000,0
5601,,,50000.000,0.000,0.000,50000.000,0
5651,,,50000.000,0.000,0.000,50000.000,0
5701,,,50000.000,0.000,0.000,50000.000,0
5751,,,50000.000,0.000,0.000,50000.000,0
5801,,,50000.000,0.000,0.000,50000.000,0
5851,,,50000.000,0.000,0.000,50000.000,0
5901,,,50000.000,0.000,0.000,50000.000,0
5951,,,50000.000,0.000,0.000,50000.000,0
6001,,,50000.000,0.000,0.000,50000.000,0
6051,,,50000.000,0.000,0.000,50000.000,0
6101,,,50000.000,0.000,0.000,50000.000,0
6151,,,50000.000,0.000,0.000,50000.000,0
6201,,,50000.000,0.000,0.000,50000.000,0
6251,,,50000.000,0.000,0.000,50000.000,0
6301,,,50000.000,0.000,0.000,50000.000,0
6351,,,50000.000,0.000,0.000,50000.000,0
6401,,,50000.000,0.000,0.000,50000.000,0
6451,,,50000.000,0.000,0.000,50000.000,0
6501,,,50000.000,0.000,0.000,50000.000,0
6551,,,50000.000,0.000,0.000,50000.000,0
6601,,,50000.000,0.000,0.000,50000.000,0
6651,,,50000.000,0.000,0.000,50000.000,0
6701,,,50000.000,0.000,0.000,50000.000,0
6751,,,50000.000,0.000,0.000,50000.000,0
6801,,,50000.000,0.000,0.000,50000.000,0
6851,,,50000.000,0.000,0.000,50000.000,0
6901,,,50000.000,0.000,0.000,50000.000,0
6951,,,50000.000,0.000,0.000,50000.000,0
7001,,,50000.000,0.000,0.000,50000.000,0
7051,,,50000.000,0.000,0.000,50000.000,0
7101,,,50000.000,0.000,0.000,50000.000,0
7151,,,50000.000,0.000,0.000,50000.000,0
7201,,,50000.000,0.000,0.000,50000.000,0
7251,,,50000.000,0.000,0.000,50000.000,0
7301,,,50000.000,0.000,0.000,50000.000,0
7351,,,50000.000,0.000,0.000,50000.000,0
7401,,,50000.000,0.000,0.000,50000.000,0
7451,,,50000.000,0.000,0.000,50000.000,0
7501,,,50000.000,0.000,0.000,50000.000,0
7551,,,50000.000,0.000,0.000,50000.000,0
7601,,,50000.000,0.000,0.000,50000.000,0
7651,,,50000.000,0.000,0.000,50000.000,0
7701,,,50000.000,0.000,0.000,50000.000,0
7751,,,50000.000,0.000,0.000,50000.000,0
7801,,,50000.000,0.000,0.000,50000.000,0
7851,,,50000.000,0.000,0.000,50000.000,0
7901,,,50000.000,0.000,0.000,50000.000,0
7951,,,50000.000,0.000,0.000,50000.000,0
8001,,,50000.000,0.000,0.000,50000.000,0
8051,,,50000.000,0.000,0.000,50000.000,0
8101,,,50000.000,0.000,0.000,50000.000,0
8151,,,50000.000,0.000,0.000,50000.000,0
8201,,,50000.000,0.000,0.000,50000.000,0
8251,,,50000.000,0.000,0.000,50000.000,0
8301,,,50000.000,0.000,0.000,50000.000,0
8351,,,50000.000,0.000,0.000,50000.000,0
8401,,,50000.000,0.000,0.000,50000.000,0
8451,,,50000.000,0.000,0.000,50000.000,0
8501,,,50000.000,0.000,0.000,50000.000,0
8551,,,50000.000,0.000,0.000,50000.000,0
8601,,,50000.000,0.000,0.000,50000.000,0
8651,,,50000.000,0.000,0.000,50000.000,0
8701,,,50000.000,0.000,0.000,50000.000,0
8751,,,50000.000,0.000,0.000,50000.000,0
8801,,,50000.000,0.000,0.000,50000.000,0
8851,,,50000.000,0.000,0.000,50000.000,0
8901,,,50000.000,0.000,0.000,50000.000,0
8951,,,50000.000,0.000,0.000,50000.000,0
9001,,,50000.000,0.000,0.000,50000.000,0
9051,,,50000.000,0.000,0.000,50000.000,0
9101,,,50000.000,0.000,0.000,50000.000,0
9151,,,50000.000,0.000,0.000,50000.000,0
9201,,,50000.000,0.000,0.000,50000.000,0
9251,,,50000.000,0.000,0.000,50000.000,0
9301,,,50000.000,0.000,0.000,50000.000,0
9351,,,50000.000,0.000,0.000,50000.000,0
9401,,,50000.000,0.000,0.000,50000.000,0
9451,,,50000.000,0.000,0.000,50000.000,0
9501,,,50000.000,0.000,0.000,50000.000,0
9551,,,50000.000,0.000,0.000,50000.000,0
9601,,,50000.000,0.000,0.000,50000.000,0
9651,,,50000.000,0.000,0.000,50000.000,0
9701,,,50000.000,0.000,0.000,50000.000,0
9751,,,50000.000,0.000,0.000,50000.000,0
9801,,,50000.000,0.000,0.000,50000.000,0
9851,,,50000.000,0.000,0.000,50000.000,0
9901,,,50000.000,0.000,0.000,50000.000,0
9951,,,50000.000,0.000,0.000,50000.000,0
10001,,,50000.000,0.000,0.000,50000.000,0
10051,,,50000.000,0.000,0.000,50000.000,0
10101,,,50000.000,0.000,0.000,50000.000,0
10151,,,50000.000,0.000,0.000,50000.000,0
10201,,,50000.000,0.000,0.000,50000.000,0
10251,,,50000.000,0.000,0.000,50000.000,0
10301,,,50000.000,0.000,0.000,50000.000,0
10351,,,50000.000,0.000,0.000,50000.000,0
10401,,,50000.000,0.000,0.000,50000.000,0
10451,,,50000.000,0.000,0.000,50000.000,0
10501,,,50000.000,0.000,0.000,50000.000,0
10551,,,50000.000,0.000,0.000,50000.000,0
10601,,,50000.000,0.000,0.000,50000.000,0
10651,,,50000.000,0.000,0.000,50000.000,0
10701,,,50000.000,0.000,0.000,50000.000,0
10751,,,50000.000,0.000,0.000,50000.000,0
10801,,,50000.000,0.000,0.000,50000.000,0
10851,,,50000.000,0.000,0.000,50000.000,0
10901,,,50000.000,0.000,0.000,50000.000,0
10951,,,50000.000,0.000,0.000,50000.000,0
11001,,,50000.000,0.000,0.000,50000.000,0
11051,,,50000.000,0.000,0.000,50000.000,0
11101,,,50000.000,0.000,0.000,50000.000,0
11151,,,50000.000,0.000,0.000,50000.000,0
11201,,,50000.000,0.000,0.000,50000.000,0
11251,,,50000.000,0.000,0.000,50000.000,0
11301,,,50000.000,0.000,0.000,50000.000,0
11351,,,50000.000,0.000,0.000,50000.000,0
11401,,,50000.000,0.000,0.000,50000.000,0
11451,,,50000.000,0.000,0.000,50000.000,0
11501,,,50000.000,0.000,0.000,50002.000,0
11551,,,50000.000,0.000,0.000,50000.000,0
11601,,,50000.000,0.000,0.000,50000.000,0
11651,,,50000.000,0.000,0.000,50000.000,0
11701,,,50000.000,0.000,0.000,50000.000,0
11751,,,50000.000,0.000,0.000,50000.000,0
11801,,,50000.000,0.000,0.000,50000.000,0
11851,,,50000.000,0.000,0.000,50000.000,0
11901,,,50000.000,0.000,0.000,50000.000,0
11951,,,50000.000,0.000,0.000,50000.000,0
12001,,,50000.000,0.000,0.000,50000.000,0
12051,,,50000.000,0.000,0.000,50000.000,0
12101,,,50000.000,0.000,0.000,50000.000,0
12151,,,50000.000,0.000,0.000,50000.000,0
12201,,,50000.000,0.000,0.000,50000.000,0
12251,,,50000.000,0.000,0.000,50000.000,0
12301,,,50000.000,0.000,0.000,50000.000,0
12351,,,50000.000,0.000,0.000,50000.000,0
12401,,,50000.000,0.000,0.000,50000.000,0
12451,,,50000.000,0.000,0.000,50000.000,0
12501,,,50000.000,0.000,0.000,50000.000,0
12551,,,50000.000,0.000,0.000,50000.000,0
12601,,,50000.000,0.000,0.000,50000.000,0
12651,,,50000.000,0.000,0.000,50000.000,0
12701,,,50000.000,0.000,0.000,50000.000,0
12751,,,50000.000,0.000,0.000,50000.000,0
12801,,,50000.000,0.000,0.000,50000.000,0
12851,,,50000.000,0.000,0.000,50000.000,0
12901,,,50000.000,0.000,0.000,50000.000,0
12951,,,50000.000,0.000,0.000,50000.000,0
13001,,,50000.000,0.000,0.000,50000.000,0
13051,,,50000.000,0.000,0.000,50000.000,0
13101,,,50000.000,0.000,0.000,50000.000,0
13151,,,50000.000,0.000,0.000,50000.000,0
13201,,,50000.000,0.000,0.000,50000.000,0
13251,,,50000.000,0.000,0.000,50000.000,0
13301,,,50000.000,0.000,0.000,50000.000,0
13351,,,50000.000,0.000,0.000,50000.000,0
13401,,,50000.000,0.000,0.000,50000.000,0
13451,,,50000.000,0.000,0.000,50000.000,0
13501,,,50000.000,0.000,0.000,50000.000,0
13551,,,50000.000,0.000,0.000,50000.000,0
13601,,,50000.000,0.000,0.000,50000.000,0
13651,,,50000.000,0.000,0.000,50000.000,0
13701,,,50000.000,0.000,0.000,50000.000,0
13751,,,50000.000,0.000,0.000,50000.000,0
13801,,,50000.000,0.000,0.000,50000.000,0
13851,,,50000.000,0.000,0.000,50000.000,0
13901,,,50002.000,0.000,0.000,50000.000,0
13951,,,49999.000,0.000,0.000,49999.000,0
14001,,,49999.000,0.000,0.000,49999.000,0
14051,,,50000.000,0.000,0.000,50000.000,0
14101,,,50000.000,0.000,0.000,50000.000,0
14151,,,50000.000,0.000,0.000,50000.000,0
14201,,,50000.000,0.000,0.000,50000.000,0
14251,,,50000.000,0.000,0.000,50000.000,0
14301,,,50000.000,0.000,0.000,50000.000,0
14351,,,50000.000,0.000,0.000,50000.000,0
14401,,,50000.000,0.000,0.000,50000.000,0
14451,,,50000.000,0.000,0.000,50000.000,0
14501,,,50000.000,0.000,0.000,50000.000,0
14551,,,50000.000,0.000,0.000,50000.000,0
14601,,,50000.000,0.000,0.000,50000.000,0
14651,,,50000.000,0.000,0.000,50000.000,0
14701,,,50000.000,0.000,0.000,50000.000,0
14751,,,50000.000,0.000,0.000,50000.000,0
14801,,,50000.000,0.000,0.000,50000.000,0
14851,,,50000.000,0.000,0.000,50000.000,0
14901,,,50000.000,0.000,0.000,50000.000,0
14951,,,50000.000,0.000,0.000,50000.000,0
15001,,,50000.000,0.000,0.000,50000.000,0
15051,,,50000.000,0.000,0.000,50000.000,0
15101,,,50000.000,0.000,0.000,50000.000,0
15151,,,50000.000,0.000,0.000,50000.000,0
15201,,,50000.000,0.000,0.000,50000.000,0
15251,,,50000.000,0.000,0.000,50000.000,0
15301,,,50000.000,0.000,0.000,50000.000,0
15351,,,50000.000,0.000,0.000,50000.000,0
15401,,,50000.000,0.000,0.000,50000.000,0
15451,,,50000.000,0.000,0.000,50000.000,0
15501,,,50000.000,0.000,0.000,50000.000,0
15551,,,50000.000,0.000,0.000,50000.000,0
15601,,,50000.000,0.000,0.000,50000.000,0
15651,,,50000.000,0.000,0.000,50000.000,0
15701,,,50000.000,0.000,0.000,50000.000,0
15751,,,50000.000,0.000,0.000,50000.000,0
15801,,,50000.000,0.000,0.000,50000.000,0
15851,,,50000.000,0.000,0.000,50000.000,0
15901,,,50000.000,0.000,0.000,50000.000,0
15951,,,50000.000,0.000,0.000,50000.000,0
16001,,,50000.000,0.000,0.000,50000.000,0
16051,,,50000.000,0.000,0.000,50000.000,0
16101,,,50000.000,0.000,0.000,50000.000,0
16151,,,50000.000,0.000,0.000,50000.000,0
16201,,,50000.000,0.000,0.000,50000.000,0
16251,,,50000.000,0.000,0.000,50000.000,0
16301,,,50000.000,0.000,0.000,50000.000,0
16351,,,50000.000,0.000,0.000,50000.000,0
16401,,,50000.000,0.000,0.000,50000.000,0
16451,,,50000.000,0.000,0.000,50000.000,0
16501,,,50000.000,0.000,0.000,50000.000,0
16551,,,50000.000,0.000,0.000,50000.000,0
16601,,,50000.000,0.000,0.000,50000.000,0
16651,,,50000.000,0.000,0.000,50000.000,0
16701,,,50000.000,0.000,0.000,50000.000,0
16751,,,50000.000,0.000,0.000,50000.000,0
16801,,,50000.000,0.000,0.000,50000.000,0
16851,,,50000.000,0.000,0.000,50000.000,0
16901,,,50000.000,0.000,0.000,50000.000,0
16951,,,50000.000,0.000,0.000,50000.000,0
17001,,,50000.000,0.000,0.000,50000.000,0
17051,,,50000.000,0.000,0.000,50000.000,0
17101,,,50000.000,0.000,0.000,50000.000,0
17151,,,50000.000,0.000,0.000,50000.000,0
17201,,,50000.000,0.000,0.000,50000.000,0
17251,,,50000.000,0.000,0.000,50000.000,0
17301,,,50000.000,0.000,0.000,50000.000,0
17351,,,50000.000,0.000,0.000,50000.000,0
17401,,,50000.000,0.000,0.000,50000.000,0
17451,,,50000.000,0.000,0.000,50000.000,0
17501,,,50000.000,0.000,0.000,50000.000,0
17551,,,50000.000,0.000,0.000,50000.000,0
17601,,,50000.000,0.000,0.000,50000.000,0
17651,,,50000.000,0.000,0.000,50000.000,0
17701,,,50000.000,0.000,0.000,50000.000,0
17751,,,50000.000,0.000,0.000,50000.000,0
17801,,,50000.000,0.000,0.000,50000.000,0
17851,,,50000.000,0.000,0.000,50000.000,0
17901,,,50000.000,0.000,0.000,50000.000,0
17951,,,50000.000,0.000,0.000,50000.000,0
18001,,,50000.000,0.000,0.000,50000.000,0
18051,,,50000.000,0.000,0.000,50000.000,0
18101,,,50000.000,0.000,0.000,50000.000,0
18151,,,50000.000,0.000,0.000,50000.000,0
18201,,,50000.000,0.000,0.000,50000.000,0
18251,,,50000.000,0.000,0.000,50000.000,0
18301,,,50000.000,0.000,0.000,50000.000,0
18351,,,50000.000,0.000,0.000,50000.000,0
18401,,,50000.000,0.000,0.000,50000.000,0
18451,,,50000.000,0.000,0.000,50000.000,0
18501,,,50000.000,0.000,0.000,50000.000,0
18551,,,50000.000,0.000,0.000,50000.000,0
18601,,,50000.000,0.000,0.000,50000.000,0
18651,,,50000.000,0.000,0.000,50000.000,0
18701,,,50000.000,0.000,0.000,50000.000,0
18751,,,50000.000,0.000,0.000,50000.000,0
18801,,,50000.000,0.000,0.000,50000.000,0
18851,,,50000.000,0.000,0.000,50000.000,0
18901,,,50000.000,0.000,0.000,50000.000,0
18951,,,50000.000,0.000,0.000,50000.000,0
19001,,,50000.000,0.000,0.000,50000.000,0
19051,,,50000.000,0.000,0.000,50000.000,0
19101,,,50000.000,0.000,0.000,50000.000,0
19151,,,50000.000,0.000,0.000,50000.000,0
19201,,,50000.000,0.000,0.000,50000.000,0
19251,,,50000.000,0.000,0.000,50000.000,0
19301,,,50000.000,0.000,0.000,50000.000,0
19351,,,50000.000,0.000,0.000,50000.000,0
19401,,,50000.000,0.000,0.000,50000.000,0
19451,,,50000.000,0.000,0.000,50000.000,0
19501,,,50000.000,0.000,0.000,50000.000,0
19551,,,50000.000,0.000,0.000,50000.000,0
19601,,,50000.000,0.000,0.000,50000.000,0
19651,,,50000.000,0.000,0.000,50000.000,0
19701,,,50000.000,0.000,0.000,50000.000,0
19751,,,50000.000,0.000,0.000,50000.000,0
19801,,,50000.000,0.000,0.000,50000.000,0
19851,,,50000.000,0.000,0.000,50000.000,0
19901,,,50000.000,0.000,0.000,50000.000,0
19951,,,50000.000,0.000,0.000,50000.000,0
20001,,,50000.000,0.000,0.000,50000.000,0
20051,,,50000.000,0.000,0.000,50000.000,0
20101,,,50000.000,0.000,0.000,50000.000,0
20151,,,50000.000,0.000,0.000,50000.000,0
20201,,,50000.000,0.000,0.000,50000.000,0
20251,,,50000.000,0.000,0.000,50000.000,0
20301,,,50000.000,0.000,0.000,50000.000,0
20351,,,50000.000,0.000,0.000,50000.000,0
20401,,,50000.000,0.000,0.000,50000.000,0
20451,,,50000.000,0.000,0.000,50000.000,0
20501,,,50000.000,0.000,0.000,50000.000,0
20551,,,50000.000,0.000,0.000,50000.000,0
20601,,,50000.000,0.000,0.000,50000.000,0
20651,,,50000.000,0.000,0.000,50000.000,0
20701,,,50000.000,0.000,0.000,50000.000,0
20751,,,50000.000,0.000,0.000,50000.000,0
20801,,,50000.000,0.000,0.000,50000.000,0
20851,,,50000.000,0.000,0.000,50000.000,0
20901,,,50000.000,0.000,0.000,50000.000,0
20951,,,50000.000,0.000,0.000,50000.000,0
21001,,,50000.000,0.000,0.000,50000.000,0
21051,,,50000.000,0.000,0.000,50000.000,0
21101,,,50000.000,0.000,0.000,50000.000,0
21151,,,50000.000,0.000,0.000,50000.000,0
21201,,,50000.000,0.000,0.000,50000.000,0
21251,,,50000.000,0.000,0.000,50000.000,0
21301,,,50000.000,0.000,0.000,50000.000,0
21351,,,50000.000,0.000,0.000,50000.000,0
21401,,,50000.000,0.000,0.000,50000.000,0
21451,,,50000.000,0.000,0.000,50000.000,0
21501,,,50000.000,0.000,0.000,50000.000,0
21551,,,50000.000,0.000,0.000,50000.000,0
21601,,,50000.000,0.000,0.000,50000.000,0
21651,,,50000.000,0.000,0.000,50000.000,0
21701,,,50000.000,0.000,0.000,50000.000,0
21751,,,50000.000,0.000,0.000,50000.000,0
21801,,,50000.000,0.000,0.000,50000.000,0
21851,,,50000.000,0.000,0.000,50000.000,0
21901,,,50000.000,0.000,0.000,50000.000,0
21951,,,50000.000,0.000,0.000,50000.000,0
22001,,,50000.000,0.000,0.000,50000.000,0
22051,,,50000.000,0.000,0.000,50000.000,0
22101,,,50000.000,0.000,0.000,50000.000,0
22151,,,50000.000,0.000,0.000,50000.000,0
22201,,,50000.000,0.000,0.000,50000.000,0
22251,,,50000.000,0.000,0.000,50000.000,0
22301,,,50000.000,0.000,0.000,50000.000,0
22351,,,50000.000,0.000,0.000,50000.000,0
22401,,,50000.000,0.000,0.000,50000.000,0
22451,,,50000.000,0.000,0.000,50000.000,0
22501,,,50000.000,0.000,0.000,50000.000,0
22551,,,50000.000,0.000,0.000,50000.000,0
22601,,,50000.000,0.000,0.000,50000.000,0
22651,,,50000.000,0.000,0.000,50000.000,0
22701,,,50000.000,0.000,0.000,50000.000,0
22751,,,50000.000,0.000,0.000,50000.000,0
22801,,,50000.000,0.000,0.000,50000.000,0
22851,,,50000.000,0.000,0.000,50000.000,0
22901,,,50000.000,0.000,0.000,50000.000,0
22951,,,50000.000,0.000,0.000,50000.000,0
23001,,,50000.000,0.000,0.000,50000.000,0
23051,,,50000.000,0.000,0.000,50000.000,0
23101,,,50000.000,0.000,0.000,50000.000,0
23151,,,50000.000,0.000,0.000,50000.000,0
23201,,,50000.000,0.000,0.000,50000.000,0
23251,,,50000.000,0.000,0.000,50000.000,0
23301,,,50000.000,0.000,0.000,50000.000,0
23351,,,50000.000,0.000,0.000,50000.000,0
23401,,,50000.000,0.000,0.000,50000.000,0
23451,,,50000.000,0.000,0.000,50000.000,0
23501,,,50000.000,0.000,0.000,50000.000,0
23551,,,50000.000,0.000,0.000,50000.000,0
23601,,,50000.000,0.000,0.000,50000.000,0
23651,,,50000.000,0.000,0.000,50000.000,0
23701,,,50000.000,0.000,0.000,50000.000,0
23751,,,50000.000,0.000,0.000,50000.000,0
23801,,,50000.000,0.000,0.000,50000.000,0
23851,,,50000.000,0.000,0.000,50000.000,0
23901,,,50000.000,0.000,0.000,50000.000,0
23951,,,50000.000,0.000,0.000,50000.000,0
24001,,,50000.000,0.000,0.000,50000.000,0
24051,,,50000.000,0.000,0.000,50000.000,0
24101,,,50000.000,0.000,0.000,50000.000,0
24151,,,50000.000,0.000,0.000,50000.000,0
24201,,,50000.000,0.000,0.000,50000.000,0
24251,,,50000.000,0.000,0.000,50000.000,0
24301,,,50000.000,0.000,0.000,50000.000,0
24351,,,50000.000,0.000,0.000,50000.000,0
24401,,,50000.000,0.000,0.000,50000.000,0
24451,,,50000.000,0.000,0.000,50000.000,0
24501,,,50000.000,0.000,0.000,50000.000,0
24551,,,50000.000,0.000,0.000,50000.000,0
24601,,,50000.000,0.000,0.000,50000.000,0
24651,,,50000.000,0.000,0.000,50000.000,0
24701,,,50000.000,0.000,0.000,50000.000,0
24751,,,50000.000,0.000,0.000,50000.000,0
24801,,,50000.000,0.000,0.000,50000.000,0
24851,,,50000.000,0.000,0.000,50000.000,0
24901,,,50000.000,0.000,0.000,50000.000,0
24951,,,50000.000,0.000,0.000,50000.000,0
25001,,,50000.000,0.000,0.000,50000.000,0
25051,,,50000.000,0.000,0.000,50000.000,0
25101,,,50000.000,0.000,0.000,50000.000,0
25151,,,50000.000,0.000,0.000,50000.000,0
25201,,,50000.000,0.000,0.000,50000.000,0
25251,,,50000.000,0.000,0.000,50000.000,0
25301,,,50000.000,0.000,0.000,50000.000,0
25351,,,50000.000,0.000,0.000,50000.000,0
25401,,,50000.000,0.000,0.000,50000.000,0
25451,,,50000.000,0.000,0.000,50000.000,0
25501,,,50000.000,0.000,0.000,50000.000,0
25551,,,50000.000,0.000,0.000,50000.000,0
25601,,,50000.000,0.000,0.000,50000.000,0
25651,,,50000.000,0.000,0.000,50000.000,0
25701,,,50000.000,0.000,0.000,50000.000,0
25751,,,50000.000,0.000,0.000,50000.000,0
25801,,,50000.000,0.000,0.000,50000.000,0
25851,,,50000.000,0.000,0.000,50000.000,0
25901,,,50000.000,0.000,0.000,50000.000,0
25951,,,50000.000,0.000,0.000,50000.000,0
26001,,,50000.000,0.000,0.000,50000.000,0
26051,,,50000.000,0.000,0.000,50000.000,0
26101,,,50000.000,0.000,0.000,50000.000,0
26151,,,50000.000,0.000,0.000,50000.000,0
26201,,,50000.000,0.000,0.000,50000.000,0
26251,,,50000.000,0.000,0.000,50000.000,0
26301,,,50000.000,0.000,0.000,50000.000,0
26351,,,50000.000,0.000,0.000,50000.000,0
26401,,,50000.000,0.000,0.000,50000.000,0
26451,,,50000.000,0.000,0.000,50000.000,0
26501,,,50000.000,0.000,0.000,50000.000,0
26551,,,50000.000,0.000,0.000,50000.000,0
26601,,,50000.000,0.000,0.000,50000.000,0
26651,,,50000.000,0.000,0.000,50000.000,0
26701,,,50000.000,0.000,0.000,50000.000,0
26751,,,50000.000,0.000,0.000,50000.000,0
26801,,,50000.000,0.000,0.000,50000.000,0
26851,,,50000.000,0.000,0.000,50000.000,0
26901,,,50000.000,0.000,0.000,50000.000,0
26951,,,50000.000,0.000,0.000,50000.000,0
27001,,,50000.000,0.000,0.000,50000.000,0
27051,,,50000.000,0.000,0.000,50000.000,0
27101,,,50000.000,0.000,0.000,50000.000,0
27151,,,50000.000,0.000,0.000,50000.000,0
27201,,,50000.000,0.000,0.000,50000.000,0
27251,,,50000.000,0.000,0.000,50000.000,0
27301,,,50000.000,0.000,0.000,50000.000,0
27351,,,50000.000,0.000,0.000,50000.000,0
27401,,,50000.000,0.000,0.000,50000.000,0
27451,,,50000.000,0.000,0.000,50000.000,0
27501,,,50000.000,0.000,0.000,50000.000,0
27551,,,50000.000,0.000,0.000,50000.000,0
27601,,,50000.000,0.000,0.000,50000.000,0
27651,,,50000.000,0.000,0.000,50000.000,0
27701,,,50000.000,0.000,0.000,50000.000,0
27751,,,50000.000,0.000,0.000,50000.000,0
27801,,,50000.000,0.000,0.000,50000.000,0
27851,,,50000.000,0.000,0.000,50000.000,0
27901,,,50000.000,0.000,0.000,50000.000,0
27951,,,50000.000,0.000,0.000,50000.000,0
28001,,,50000.000,0.000,0.000,50000.000,0
28051,,,50000.000,0.000,0.000,50000.000,0
28101,,,50000.000,0.000,0.000,50000.000,0
28151,,,50000.000,0.000,0.000,50000.000,0
28201,,,50000.000,0.000,0.000,50000.000,0
28251,,,50000.000,0.000,0.000,50000.000,0
28301,,,50000.000,0.000,0.000,50000.000,0
28351,,,50000.000,0.000,0.000,50000.000,0
28401,,,50000.000,0.000,0.000,50000.000,0
28451,,,50000.000,0.000,0.000,50000.000,0
28501,,,50000.000,0.000,0.000,50000.000,0
28551,,,50000.000,0.000,0.000,50000.000,0
28601,,,50000.000,0.000,0.000,50000.000,0
28651,,,50000.000,0.000,0.000,50000.000,0
28701,,,50000.000,0.000,0.000,50000.000,0
28751,,,50000.000,0.000,0.000,50000.000,0
28801,,,50000.000,0.000,0.000,50000.000,0
28851,,,50000.000,0.000,0.000,50000.000,0
28901,,,50000.000,0.000,0.000,50000.000,0
28951,,,50000.000,0.000,0.000,50000.000,0
29001,,,50000.000,0.000,0.000,50000.000,0
29051,,,50000.000,0.000,0.000,50000.000,0
29101,,,50000.000,0.000,0.000,50000.000,0
29151,,,50000.000,0.000,0.000,50000.000,0
29201,,,50000.000,0.000,0.000,50000.000,0
29251,,,50000.000,0.000,0.000,50000.000,0
29301,,,50000.000,0.000,0.000,50000.000,0
29351,,,50000.000,0.000,0.000,50000.000,0
29401,,,50000.000,0.000,0.000,50000.000,0
29451,,,50000.000,0.000,0.000,50000.000,0
29501,,,50000.000,0.000,0.000,50000.000,0
29551,,,50000.000,0.000,0.000,50000.000,0
29601,,,50000.000,0.000,0.000,50000.000,0
29651,,,50000.000,0.000,0.000,50000.000,0
29701,,,50000.000,0.000,0.000,50000.000,0
29751,,,50000.000,0.000,0.000,50000.000,0
29801,,,50000.000,0.000,0.000,50000.000,0
29851,,,50000.000,0.000,0.000,50000.000,0
29901,,,50000.000,0.000,0.000,50000.000,0
29951,,,50000.000,0.000,0.000,50000.000,0
30001,,,50000.000,0.000,0.000,50000.000,0
30051,,,50000.000,0.000,0.000,50000.000,0
30101,,,50000.000,0.000,0.000,50000.000,0
30151,,,50000.000,0.000,0.000,50000.000,0
30201,,,50000.000,0.000,0.000,50000.000,0
30251,,,50000.000,0.000,0.000,50000.000,0
30301,,,50000.000,0.000,0.000,50000.000,0
30351,,,50000.000,0.000,0.000,50000.000,0
30401,,,50000.000,0.000,0.000,50000.000,0
30451,,,50000.000,0.000,0.000,50000.000,0
30501,,,50000.000,0.000,0.000,50000.000,0
30551,,,50000.000,0.000,0.000,50000.000,0
30601,,,50000.000,0.000,0.000,50000.000,0
30651,,,50000.000,0.000,0.000,50000.000,0
30701,,,50000.000,0.000,0.000,50000.000,0
30751,,,50000.000,0.000,0.000,50000.000,0
30801,,,50000.000,0.000,0.000,50000.000,0
30851,,,50000.000,0.000,0.000,50000.000,0
30901,,,50000.000,0.000,0.000,50000.000,0
30951,,,50000.000,0.000,0.000,50000.000,0
31001,,,50000.000,0.000,0.000,50000.000,0
31051,,,50000.000,0.000,0.000,50000.000,0
31101,,,50000.000,0.000,0.000,50000.000,0
31151,,,50000.000,0.000,0.000,50000.000,0
31201,,,50000.000,0.000,0.000,50000.000,0
31251,,,50000.000,0.000,0.000,50000.000,0
31301,,,50000.000,0.000,0.000,50000.000,0
31351,,,50000.000,0.000,0.000,50000.000,0
31401,,,50000.000,0.000,0.000,50000.000,0
31451,,,50000.000,0.000,0.000,50000.000,0
31501,,,50000.000,0.000,0.000,50000.000,0
31551,,,50000.000,0.000,0.000,50000.000,0
31601,,,50000.000,0.000,0.000,50000.000,0
31651,,,50000.000,0.000,0.000,50000.000,0
31701,,,50000.000,0.000,0.000,50000.000,0
31751,,,50000.000,0.000,0.000,50000.000,0
31801,,,50000.000,0.000,0.000,50000.000,0
31851,,,50000.000,0.000,0.000,50000.000,0
31901,,,50000.000,0.000,0.000,50000.000,0
31951,,,50000.000,0.000,0.000,50000.000,0
32001,,,50000.000,0.000,0.000,50000.000,0
32051,,,50000.000,0.000,0.000,50000.000,0
32101,,,50000.000,0.000,0.000,50000.000,0
32151,,,50000.000,0.000,0.000,50000.000,0
32201,,,50000.000,0.000,0.000,50000.000,0
32251,,,50000.000,0.000,0.000,50000.000,0
32301,,,50000.000,0.000,0.000,50000.000,0
32351,,,50000.000,0.000,0.000,50000.000,0
32401,,,50000.000,0.000,0.000,50000.000,0
32451,,,50000.000,0.000,0.000,50000.000,0
32501,,,50000.000,0.000,0.000,50000.000,0
32551,,,50000.000,0.000,0.000,50000.000,0
32601,,,50000.000,0.000,0.000,50000.000,0
32651,,,50000.000,0.000,0.000,50000.000,0
32701,,,50000.000,0.000,0.000,50000.000,0
32751,,,50000.000,0.000,0.000,50000.000,0
32801,,,50000.000,0.000,0.000,50000.000,0
32851,,,50000.000,0.000,0.000,50000.000,0
32901,,,50000.000,0.000,0.000,50000.000,0
32951,,,50000.000,0.000,0.000,50000.000,0
33001,,,50000.000,0.000,0.000,50000.000,0
33051,,,50000.000,0.000,0.000,50000.000,0
33101,,,50000.000,0.000,0.000,50000.000,0
33151,,,50000.000,0.000,0.000,50000.000,0
33201,,,50000.000,0.000,0.000,50000.000,0
33251,,,50000.000,0.000,0.000,50000.000,0
33301,,,50000.000,0.000,0.000,50000.000,0
33351,,,50000.000,0.000,0.000,50000.000,0
33401,,,50000.000,0.000,0.000,50000.000,0
33451,,,50000.000,0.000,0.000,50000.000,0
33501,,,50000.000,0.000,0.000,50000.000,0
33551,,,50000.000,0.000,0.000,50000.000,0
33601,,,50000.000,0.000,0.000,50000.000,0
33651,,,50000.000,0.000,0.000,50000.000,0
33701,,,50000.000,0.000,0.000,50000.000,0
33751,,,50000.000,0.000,0.000,50000.000,0
33801,,,50000.000,0.000,0.000,50000.000,0
33851,,,50000.000,0.000,0.000,50000.000,0
33901,,,50000.000,0.000,0.000,50000.000,0
33951,,,50000.000,0.000,0.000,50000.000,0
34001,,,50000.000,0.000,0.000,50000.000,0
34051,,,50000.000,0.000,0.000,50000.000,0
34101,,,50000.000,0.000,0.000,50000.000,0
34151,,,50000.000,0.000,0.000,50000.000,0
34201,,,50000.000,0.000,0.000,50000.000,0
34251,,,50000.000,0.000,0.000,50000.000,0
34301,,,50000.000,0.000,0.000,50000.000,0
34351,,,50000.000,0.000,0.000,50000.000,0
34401,,,50000.000,0.000,0.000,50000.000,0
34451,,,50000.000,0.000,0.000,50000.000,0
34501,,,50000.000,0.000,0.000,50000.000,0
34551,,,50000.000,0.000,0.000,50000.000,0
34601,,,50000.000,0.000,0.000,50000.000,0
34651,,,50000.000,0.000,0.000,50000.000,0
34701,,,50000.000,0.000,0.000,50000.000,0
34751,,,50000.000,0.000,0.000,50000.000,0
34801,,,50000.000,0.000,0.000,50000.000,0
34851,,,50000.000,0.000,0.000,50000.000,0
34901,,,50000.000,0.000,0.000,50000.000,0
34951,,,50000.000,0.000,0.000,50000.000,0
35001,,,50000.000,0.000,0.000,50000.000,0
35051,,,50000.000,0.000,0.000,50000.000,0
35101,,,50000.000,0.000,0.000,50000.000,0
35151,,,50000.000,0.000,0.000,50000.000,0
35201,,,50000.000,0.000,0.000,50000.000,0
35251,,,50000.000,0.000,0.000,50000.000,0
35301,,,50000.000,0.000,0.000,50000.000,0
35351,,,50000.000,0.000,0.000,50000.000,0
35401,,,50000.000,0.000,0.000,50000.000,0
35451,,,50000.000,0.000,0.000,50000.000,0
35501,,,50000.000,0.000,0.000,50000.000,0
35551,,,50000.000,0.000,0.000,50000.000,0
35601,,,50000.000,0.000,0.000,50000.000,0
35651,,,50000.000,0.000,0.000,50000.000,0
35701,,,50000.000,0.000,0.000,50000.000,0
35751,,,50000.000,0.000,0.000,50000.000,0
35801,,,50000.000,0.000,0.000,50000.000,0
35851,,,50000.000,0.000,0.000,50000.000,0
35901,,,50000.000,0.000,0.000,50000.000,0
35951,,,50000.000,0.000,0.000,50000.000,0
36001,,,50000.000,0.000,0.000,50000.000,0
36051,,,50000.000,0.000,0.000,50000.000,0
36101,,,50000.000,0.000,0.000,50000.000,0
36151,,,50000.000,0.000,0.000,50000.000,0
36201,,,50000.000,0.000,0.000,50000.000,0
36251,,,50000.000,0.000,0.000,50000.000,0
36301,,,50000.000,0.000,0.000,50000.000,0
36351,,,50000.000,0.000,0.000,50000.000,0
36401,,,50000.000,0.000,0.000,50000.000,0
36451,,,50000.000,0.000,0.000,50000.000,0
36501,,,50000.000,0.000,0.000,50000.000,0
36551,,,50000.000,0.000,0.000,50000.000,0
36601,,,50000.000,0.000,0.000,50000.000,0
36651,,,50000.000,0.000,0.000,50000.000,0
36701,,,50000.000,0.000,0.000,50000.000,0
36751,,,50000.000,0.000,0.000,50000.000,0
36801,,,50000.000,0.000,0.000,50000.000,0
36851,,,50000.000,0.000,0.000,50000.000,0
36901,,,50000.000,0.000,0.000,50000.000,0
36951,,,50000.000,0.000,0.000,50000.000,0
37001,,,50000.000,0.000,0.000,50000.000,0
37051,,,50000.000,0.000,0.000,50000.000,0
37101,,,50000.000,0.000,0.000,50000.000,0
37151,,,50000.000,0.000,0.000,50000.000,0
37201,,,50000.000,0.000,0.000,50000.000,0
37251,,,50000.000,0.000,0.000,50000.000,0
37301,,,50000.000,0.000,0.000,50000.000,0
37351,,,50000.000,0.000,0.000,50000.000,0
37401,,,50000.000,0.000,0.000,50000.000,0
37451,,,50000.000,0.000,0.000,50000.000,0
37501,,,50000.000,0.000,0.000,50000.000,0
37551,,,50000.000,0.000,0.000,50000.000,0
37601,,,50000.000,0.000,0.000,50000.000,0
37651,,,50000.000,0.000,0.000,50000.000,0
37701,,,50000.000,0.000,0.000,50000.000,0
37751,,,50000.000,0.000,0.000,50000.000,0
37801,,,50000.000,0.000,0.000,50000.000,0
37851,,,50000.000,0.000,0.000,50000.000,0
37901,,,50000.000,0.000,0.000,50000.000,0
37951,,,50000.000,0.000,0.000,50000.000,0
38001,,,50000.000,0.000,0.000,50000.000,0
38051,,,50000.000,0.000,0.000,50000.000,0
38101,,,50000.000,0.000,0.000,50000.000,0
38151,,,50000.000,0.000,0.000,50000.000,0
38201,,,50000.000,0.000,0.000,50000.000,0
38251,,,50000.000,0.000,0.000,50000.000,0
38301,,,50000.000,0.000,0.000,50000.000,0
38351,,,50000.000,0.000,0.000,50000.000,0
38401,,,50000.000,0.000,0.000,50000.000,0
38451,,,50000.000,0.000,0.000,50000.000,0
38501,,,50000.000,0.000,0.000,50000.000,0
38551,,,50000.000,0.000,0.000,50000.000,0
38601,,,50000.000,0.000,0.000,50000.000,0
38651,,,50000.000,0.000,0.000,50000.000,0
38701,,,50000.000,0.000,0.000,50000.000,0
38751,,,50000.000,0.000,0.000,50000.000,0
38801,,,50000.000,0.000,0.000,50000.000,0
38851,,,50000.000,0.000,0.000,50000.000,0
38901,,,50000.000,0.000,0.000,50000.000,0
38951,,,50000.000,0.000,0.000,50000.000,0
39001,,,50000.000,0.000,0.000,50000.000,0
39051,,,50000.000,0.000,0.000,50000.000,0
39101,,,50000.000,0.000,0.000,50000.000,0
39151,,,50000.000,0.000,0.000,50000.000,0
39201,,,50000.000,0.000,0.000,50000.000,0
39251,,,50000.000,0.000,0.000,50000.000,0
39301,,,50000.000,0.000,0.000,50000.000,0
39351,,,50000.000,0.000,0.000,50000.000,0
39401,,,50000.000,0.000,0.000,50000.000,0
39451,,,50000.000,0.000,0.000,50000.000,0
39501,,,50000.000,0.000,0.000,50000.000,0
39551,,,50000.000,0.000,0.000,50000.000,0
39601,,,50000.000,0.000,0.000,50000.000,0
39651,,,50000.000,0.000,0.000,50000.000,0
39701,,,50000.000,0.000,0.000,50000.000,0
39751,,,50000.000,0.000,0.000,50000.000,0
39801,,,50000.000,0.000,0.000,50000.000,0
39851,,,50000.000,0.000,0.000,50000.000,0
39901,,,50000.000,0.000,0.000,50000.000,0
39951,,,50000.000,0.000,0.000,50000.000,0
40001,,,50000.000,0.000,0.000,50000.000,0
40051,,,50000.000,0.000,0.000,50000.000,0
40101,,,50000.000,0.000,0.000,50000.000,0
40151,,,50000.000,0.000,0.000,50000.000,0
40201,,,50000.000,0.000,0.000,50000.000,0
40251,,,50000.000,0.000,0.000,50000.000,0
40301,,,50000.000,0.000,0.000,50000.000,0
40351,,,50000.000,0.000,0.000,50000.000,0
40401,,,50000.000,0.000,0.000,50000.000,0
40451,,,50000.000,0.000,0.000,50000.000,0
40501,,,50000.000,0.000,0.000,50000.000,0
40551,,,50000.000,0.000,0.000,50000.000,0
40601,,,50000.000,0.000,0.000,50000.000,0
40651,,,50000.000,0.000,0.000,50000.000,0
40701,,,50000.000,0.000,0.000,50000.000,0
40751,,,50000.000,0.000,0.000,50000.000,0
40801,,,50000.000,0.000,0.000,50000.000,0
40851,,,50000.000,0.000,0.000,50000.000,0
40901,,,50000.000,0.000,0.000,50000.000,0
40951,,,50000.000,0.000,0.000,50000.000,0
41001,,,50000.000,0.000,0.000,50000.000,0
41051,,,50000.000,0.000,0.000,50000.000,0
41101,,,50000.000,0.000,0.000,50000.000,0
41151,,,50000.000,0.000,0.000,50000.000,0
41201,,,50000.000,0.000,0.000,50000.000,0
41251,,,50000.000,0.000,0.000,50000.000,0
41301,,,50000.000,0.000,0.000,50000.000,0
41351,,,50000.000,0.000,0.000,50000.000,0
41401,,,50000.000,0.000,0.000,50000.000,0
41451,,,50000.000,0.000,0.000,50000.000,0
41501,,,50000.000,0.000,0.000,50000.000,0
41551,,,50000.000,0.000,0.000,50000.000,0
41601,,,50000.000,0.000,0.000,50000.000,0
41651,,,50000.000,0.000,0.000,50000.000,0
41701,,,50000.000,0.000,0.000,50000.000,0
41751,,,50000.000,0.000,0.000,50000.000,0
41801,,,50000.000,0.000,0.000,50000.000,0
41851,,,50000.000,0.000,0.000,50000.000,0
41901,,,50000.000,0.000,0.000,50000.000,0
41951,,,50000.000,0.000,0.000,50000.000,0
42001,,,50000.000,0.000,0.000,50000.000,0
42051,,,50000.000,0.000,0.000,50000.000,0
42101,,,50000.000,0.000,0.000,50000.000,0
42151,,,50000.000,0.000,0.000,50000.000,0
42201,,,50000.000,0.000,0.000,50000.000,0
42251,,,50000.000,0.000,0.000,50000.000,0
42301,,,50000.000,0.000,0.000,50000.000,0
42351,,,50000.000,0.000,0.000,50000.000,0
42401,,,50000.000,0.000,0.000,50000.000,0
42451,,,50000.000,0.000,0.000,50000.000,0
42501,,,50000.000,0.000,0.000,50000.000,0
42551,,,50000.000,0.000,0.000,50000.000,0
42601,,,50000.000,0.000,0.000,50000.000,0
42651,,,50000.000,0.000,0.000,50000.000,0
42701,,,50000.000,0.000,0.000,50000.000,0
42751,,,50000.000,0.000,0.000,50000.000,0
42801,,,50000.000,0.000,0.000,50000.000,0
42851,,,50000.000,0.000,0.000,50000.000,0
42901,,,50000.000,0.000,0.000,50000.000,0
42951,,,50000.000,0.000,0.000,50000.000,0
43001,,,50000.000,0.000,0.000,50000.000,0
43051,,,50000.000,0.000,0.000,50000.000,0
43101,,,50000.000,0.000,0.000,50000.000,0
43151,,,50000.000,0.000,0.000,50000.000,0
43201,,,50000.000,0.000,0.000,50000.000,0
43251,,,50000.000,0.000,0.000,50000.000,0
43301,,,50000.000,0.000,0.000,50000.000,0
43351,,,50000.000,0.000,0.000,50000.000,0
43401,,,50000.000,0.000,0.000,50000.000,0
43451,,,50000.000,0.000,0.000,50000.000,0
43501,,,50000.000,0.000,0.000,50000.000,0
43551,,,50000.000,0.000,0.000,50000.000,0
43601,,,50000.000,0.000,0.000,50000.000,0
43651,,,50000.000,0.000,0.000,50000.000,0
43701,,,50000.000,0.000,0.000,50000.000,0
43751,,,50000.000,0.000,0.000,50000.000,0
43801,,,50000.000,0.000,0.000,50000.000,0
43851,,,50000.000,0.000,0.000,50000.000,0
43901,,,50000.000,0.000,0.000,50000.000,0
43951,,,50000.000,0.000,0.000,50000.000,0
44001,,,50000.000,0.000,0.000,50000.000,0
44051,,,50000.000,0.000,0.000,50000.000,0
44101,,,50000.000,0.000,0.000,50000.000,0
44151,,,50000.000,0.000,0.000,50000.000,0
44201,,,50000.000,0.000,0.000,50002.000,0
44251,,,50000.000,0.000,0.000,50000.000,0
44301,,,50000.000,0.000,0.000,50000.000,0
44351,,,50000.000,0.000,0.000,50000.000,0
44401,,,50000.000,0.000,0.000,50000.000,0
44451,,,50000.000,0.000,0.000,50000.000,0
44501,,,50000.000,0.000,0.000,50000.000,0
44551,,,50000.000,0.000,0.000,50000.000,0
44601,,,50000.000,0.000,0.000,50000.000,0
44651,,,50000.000,0.000,0.000,50000.000,0
44701,,,50000.000,0.000,0.000,50000.000,0
44751,,,50000.000,0.000,0.000,50000.000,0
44801,,,50000.000,0.000,0.000,50000.000,0
44851,,,50000.000,0.000,0.000,50000.000,0
44901,,,50000.000,0.000,0.000,50000.000,0
44951,,,50000.000,0.000,0.000,50000.000,0
45001,,,50000.000,0.000,0.000,50000.000,0
45051,,,50000.000,0.000,0.000,50000.000,0
45101,,,50000.000,0.000,0.000,50000.000,0
45151,,,50000.000,0.000,0.000,50000.000,0
45201,,,50000.000,0.000,0.000,50000.000,0
45251,,,50000.000,0.000,0.000,50000.000,0
45301,,,50000.000,0.000,0.000,50000.000,0
45351,,,50000.000,0.000,0.000,50000.000,0
45401,,,50000.000,0.000,0.000,50000.000,0
45451,,,50000.000,0.000,0.000,50000.000,0
45501,,,50000.000,0.000,0.000,50000.000,0
45551,,,50000.000,0.000,0.000,50000.000,0
45601,,,50000.000,0.000,0.000,50000.000,0
45651,,,50000.000,0.000,0.000,50000.000,0
45701,,,50000.000,0.000,0.000,50000.000,0
45751,,,50000.000,0.000,0.000,50000.000,0
45801,,,50000.000,0.000,0.000,50000.000,0
45851,,,50000.000,0.000,0.000,50000.000,0
45901,,,50000.000,0.000,0.000,50000.000,0
45951,,,50000.000,0.000,0.000,50000.000,0
46001,,,50000.000,0.000,0.000,50000.000,0
46051,,,50000.000,0.000,0.000,50000.000,0
46101,,,50000.000,0.000,0.000,50000.000,0
46151,,,50000.000,0.000,0.000,50000.000,0
46201,,,50000.000,0.000,0.000,50000.000,0
46251,,,50000.000,0.000,0.000,50000.000,0
46301,,,50000.000,0.000,0.000,50000.000,0
46351,,,50000.000,0.000,0.000,50000.000,0
46401,,,50000.000,0.000,0.000,50000.000,0
46451,,,50000.000,0.000,0.000,50000.000,0
46501,,,50000.000,0.000,0.000,50000.000,0
46551,,,50002.000,0.000,0.000,50000.000,0
46601,,,49999.000,0.000,0.000,49999.000,0
46651,,,49999.000,0.000,0.000,49999.000,0
46701,,,50000.000,0.000,0.000,50000.000,0
46751,,,50000.000,0.000,0.000,50000.000,0
46801,,,50000.000,0.000,0.000,50000.000,0
46851,,,50000.000,0.000,0.000,50000.000,0
46901,,,50000.000,0.000,0.000,50000.000,0
46951,,,50000.000,0.000,0.000,50000.000,0
47001,,,50000.000,0.000,0.000,50000.000,0
47051,,,50000.000,0.000,0.000,50000.000,0
47101,,,50000.000,0.000,0.000,50000.000,0
47151,,,50000.000,0.000,0.000,50000.000,0
47201,,,50000.000,0.000,0.000,50000.000,0
47251,,,50000.000,0.000,0.000,50000.000,0
47301,,,50000.000,0.000,0.000,50000.000,0
47351,,,50000.000,0.000,0.000,50000.000,0
47401,,,50000.000,0.000,0.000,50000.000,0
47451,,,50000.000,0.000,0.000,50000.000,0
47501,,,50000.000,0.000,0.000,50000.000,0
47551,,,50000.000,0.000,0.000,50000.000,0
47601,,,50000.000,0.000,0.000,50000.000,0
47651,,,50000.000,0.000,0.000,50000.000,0
47701,,,50000.000,0.000,0.000,50000.000,0
47751,,,50000.000,0.000,0.000,50000.000,0
47801,,,50000.000,0.000,0.000,50000.000,0
47851,,,50000.000,0.000,0.000,50000.000,0
47901,,,50000.000,0.000,0.000,50000.000,0
47951,,,50000.000,0.000,0.000,50000.000,0
48001,,,50000.000,0.000,0.000,50000.000,0
48051,,,50000.000,0.000,0.000,50000.000,0
48101,,,50000.000,0.000,0.000,50000.000,0
48151,,,50000.000,0.000,0.000,50000.000,0
48201,,,50000.000,0.000,0.000,50000.000,0
48251,,,50000.000,0.000,0.000,50000.000,0
48301,,,50000.000,0.000,0.000,50000.000,0
48351,,,50000.000,0.000,0.000,50000.000,0
48401,,,50000.000,0.000,0.000,50000.000,0
48451,,,50000.000,0.000,0.000,50000.000,0
48501,,,50000.000,0.000,0.000,50000.000,0
48551,,,50000.000,0.000,0.000,50000.000,0
48601,,,50000.000,0.000,0.000,50000.000,0
48651,,,50000.000,0.000,0.000,50000.000,0
48701,,,50000.000,0.000,0.000,50000.000,0
48751,,,50000.000,0.000,0.000,50000.000,0
48801,,,50000.000,0.000,0.000,50000.000,0
48851,,,50000.000,0.000,0.000,50000.000,0
48901,,,50000.000,0.000,0.000,50000.000,0
48951,,,50000.000,0.000,0.000,50000.000,0
49001,,,50000.000,0.000,0.000,50000.000,0
49051,,,50000.000,0.000,0.000,50000.000,0
49101,,,50000.000,0.000,0.000,50000.000,0
49151,,,50000.000,0.000,0.000,50000.000,0
49201,,,50000.000,0.000,0.000,50000.000,0
49251,,,50000.000,0.000,0.000,50000.000,0
49301,,,50000.000,0.000,0.000,50000.000,0
49351,,,50000.000,0.000,0.000,50000.000,0
49401,,,50000.000,0.000,0.000,50000.000,0
49451,,,50000.000,0.000,0.000,50000.000,0
49501,,,50000.000,0.000,0.000,50000.000,0
49551,,,50000.000,0.000,0.000,50000.000,0
49601,,,50000.000,0.000,0.000,50000.000,0
49651,,,50000.000,0.000,0.000,50000.000,0
49701,,,50000.000,0.000,0.000,50000.000,0
49751,,,50000.000,0.000,0.000,50000.000,0
49801,,,50000.000,0.000,0.000,50000.000,0
49851,,,50000.000,0.000,0.000,50000.000,0
49901,,,50000.000,0.000,0.000,50000.000,0
49951,,,50000.000,0.000,0.000,50000.000,0
50001,,,50000.000,0.000,0.000,50000.000,0
50051,,,50000.000,0.000,0.000,50000.000,0
50101,,,50000.000,0.000,0.000,50000.000,0
50151,,,50000.000,0.000,0.000,50000.000,0
50201,,,50000.000,0.000,0.000,50000.000,0
50251,,,50000.000,0.000,0.000,50000.000,0
50301,,,50000.000,0.000,0.000,50000.000,0
50351,,,50000.000,0.000,0.000,50000.000,0
50401,,,50000.000,0.000,0.000,50000.000,0
50451,,,50000.000,0.000,0.000,50000.000,0
50501,,,50000.000,0.000,0.000,50000.000,0
50551,,,50000.000,0.000,0.000,50000.000,0
50601,,,50000.000,0.000,0.000,50000.000,0
50651,,,50000.000,0.000,0.000,50000.000,0
50701,,,50000.000,0.000,0.000,50000.000,0
50751,,,50000.000,0.000,0.000,50000.000,0
50801,,,50000.000,0.000,0.000,50000.000,0
50851,,,50000.000,0.000,0.000,50000.000,0
50901,,,50000.000,0.000,0.000,50000.000,0
50951,,,50000.000,0.000,0.000,50000.000,0
51001,,,50000.000,0.000,0.000,50000.000,0
51051,,,50000.000,0.000,0.000,50000.000,0
51101,,,50000.000,0.000,0.000,50000.000,0
51151,,,50000.000,0.000,0.000,50000.000,0
51201,,,50000.000,0.000,0.000,50000.000,0
51251,,,50000.000,0.000,0.000,50000.000,0
51301,,,50000.000,0.000,0.000,50000.000,0
51351,,,50000.000,0.000,0.000,50000.000,0
51401,,,50000.000,0.000,0.000,50000.000,0
51451,,,50000.000,0.000,0.000,50000.000,0
51501,,,50000.000,0.000,0.000,50000.000,0
51551,,,50000.000,0.000,0.000,50000.000,0
51601,,,50000.000,0.000,0.000,50000.000,0
51651,,,50000.000,0.000,0.000,50000.000,0
51701,,,50000.000,0.000,0.000,50000.000,0
51751,,,50000.000,0.000,0.000,50000.000,0
51801,,,50000.000,0.000,0.000,50000.000,0
51851,,,50000.000,0.000,0.000,50000.000,0
51901,,,50000.000,0.000,0.000,50000.000,0
51951,,,50000.000,0.000,0.000,50000.000,0
52001,,,50000.000,0.000,0.000,50000.000,0
52051,,,50000.000,0.000,0.000,50000.000,0
52101,,,50000.000,0.000,0.000,50000.000,0
52151,,,50000.000,0.000,0.000,50000.000,0
52201,,,50000.000,0.000,0.000,50000.000,0
52251,,,50000.000,0.000,0.000,50000.000,0
52301,,,50000.000,0.000,0.000,50000.000,0
52351,,,50000.000,0.000,0.000,50000.000,0
52401,,,50000.000,0.000,0.000,50000.000,0
52451,,,50000.000,0.000,0.000,50000.000,0
52501,,,50000.000,0.000,0.000,50000.000,0
52551,,,50000.000,0.000,0.000,50000.000,0
52601,,,50000.000,0.000,0.000,50000.000,0
52651,,,50000.000,0.000,0.000,50000.000,0
52701,,,50000.000,0.000,0.000,50000.000,0
52751,,,50000.000,0.000,0.000,50000.000,0
52801,,,50000.000,0.000,0.000,50000.000,0
52851,,,50000.000,0.000,0.000,50000.000,0
52901,,,50000.000,0.000,0.000,50000.000,0
52951,,,50000.000,0.000,0.000,50000.000,0
53001,,,50000.000,0.000,0.000,50000.000,0
53051,,,50000.000,0.000,0.000,50000.000,0
53101,,,50000.000,0.000,0.000,50000.000,0
53151,,,50000.000,0.000,0.000,50000.000,0
53201,,,50000.000,0.000,0.000,50000.000,0
53251,,,50000.000,0.000,0.000,50000.000,0
53301,,,50000.000,0.000,0.000,50000.000,0
53351,,,50000.000,0.000,0.000,50000.000,0
53401,,,50000.000,0.000,0.000,50000.000,0
53451,,,50000.000,0.000,0.000,50000.000,0
53501,,,50000.000,0.000,0.000,50000.000,0
53551,,,50000.000,0.000,0.000,50000.000,0
53601,,,50000.000,0.000,0.000,50000.000,0
53651,,,50000.000,0.000,0.000,50000.000,0
53701,,,50000.000,0.000,0.000,50000.000,0
53751,,,50000.000,0.000,0.000,50000.000,0
53801,,,50000.000,0.000,0.000,50000.000,0
53851,,,50000.000,0.000,0.000,50000.000,0
53901,,,50000.000,0.000,0.000,50000.000,0
53951,,,50000.000,0.000,0.000,50000.000,0
54001,,,50000.000,0.000,0.000,50000.000,0
54051,,,50000.000,0.000,0.000,50000.000,0
54101,,,50000.000,0.000,0.000,50000.000,0
54151,,,50000.000,0.000,0.000,50000.000,0
54201,,,50000.000,0.000,0.000,50000.000,0
54251,,,50000.000,0.000,0.000,50000.000,0
54301,,,50000.000,0.000,0.000,50000.000,0
54351,,,50000.000,0.000,0.000,50000.000,0
54401,,,50000.000,0.000,0.000,50000.000,0
54451,,,50000.000,0.000,0.000,50000.000,0
54501,,,50000.000,0.000,0.000,50000.000,0
54551,,,50000.000,0.000,0.000,50000.000,0
54601,,,50000.000,0.000,0.000,50000.000,0
54651,,,50000.000,0.000,0.000,50000.000,0
54701,,,50000.000,0.000,0.000,50000.000,0
54751,,,50000.000,0.000,0.000,50000.000,0
54801,,,50000.000,0.000,0.000,50000.000,0
54851,,,50000.000,0.000,0.000,50000.000,0
54901,,,50000.000,0.000,0.000,50000.000,0
54951,,,50000.000,0.000,0.000,50000.000,0
55001,,,50000.000,0.000,0.000,50000.000,0
55051,,,50000.000,0.000,0.000,50000.000,0
55101,,,50000.000,0.000,0.000,50000.000,0
55151,,,50000.000,0.000,0.000,50000.000,0
55201,,,50000.000,0.000,0.000,50001.000,0
55251,,,50000.000,0.000,0.000,49999.000,0
55301,,,50000.000,0.000,0.000,50000.000,0
55351,,,50000.000,0.000,0.000,50000.000,0
55401,,,50000.000,0.000,0.000,50000.000,0
55451,,,50000.000,0.000,0.000,50000.000,0
55501,,,50000.000,0.000,0.000,50000.000,0
55551,,,50000.000,0.000,0.000,50000.000,0
55601,,,50000.000,0.000,0.000,50000.000,0
55651,,,50000.000,0.000,0.000,50000.000,0
55701,,,50000.000,0.000,0.000,50000.000,0
55751,,,50000.000,0.000,0.000,50000.000,0
55801,,,50000.000,0.000,0.000,50000.000,0
55851,,,50000.000,0.000,0.000,50000.000,0
55901,,,50000.000,0.000,0.000,50000.000,0
55951,,,50000.000,0.000,0.000,50000.000,0
56001,,,50000.000,0.000,0.000,50000.000,0
56051,,,50000.000,0.000,0.000,50000.000,0
56101,,,50000.000,0.000,0.000,50000.000,0
56151,,,50000.000,0.000,0.000,50000.000,0
56201,,,50000.000,0.000,0.000,50000.000,0
56251,,,50000.000,0.000,0.000,50000.000,0
56301,,,50000.000,0.000,0.000,50000.000,0
56351,,,50000.000,0.000,0.000,50000.000,0
56401,,,50000.000,0.000,0.000,50000.000,0
56451,,,50000.000,0.000,0.000,50000.000,0
56501,,,50000.000,0.000,0.000,50000.000,0
56551,,,50000.000,0.000,0.000,50000.000,0
56601,,,50000.000,0.000,0.000,50000.000,0
56651,,,50000.000,0.000,0.000,50000.000,0
56701,,,50000.000,0.000,0.000,50000.000,0
56751,,,50000.000,0.000,0.000,50000.000,0
56801,,,50000.000,0.000,0.000,50000.000,0
56851,,,50000.000,0.000,0.000,50000.000,0
56901,,,50000.000,0.000,0.000,50000.000,0
56951,,,50000.000,0.000,0.000,50000.000,0
57001,,,50000.000,0.000,0.000,50000.000,0
57051,,,50000.000,0.000,0.000,50000.000,0
57101,,,50000.000,0.000,0.000,50000.000,0
57151,,,50000.000,0.000,0.000,50000.000,0
57201,,,50000.000,0.000,0.000,50000.000,0
57251,,,50000.000,0.000,0.000,50000.000,0
57301,,,50000.000,0.000,0.000,50000.000,0
57351,,,50000.000,0.000,0.000,50000.000,0
57401,,,50000.000,0.000,0.000,50000.000,0
57451,,,50000.000,0.000,0.000,50000.000,0
57501,,,50000.000,0.000,0.000,50000.000,0
57551,,,50000.000,0.000,0.000,50000.000,0
57601,,,50000.000,0.000,0.000,50000.000,0
57651,,,50000.000,0.000,0.000,50000.000,0
57701,,,50000.000,0.000,0.000,50000.000,0
57751,,,50000.000,0.000,0.000,50000.000,0
57801,,,50000.000,0.000,0.000,50000.000,0
57851,,,50000.000,0.000,0.000,50000.000,0
57901,,,50000.000,0.000,0.000,50000.000,0
57951,,,50000.000,0.000,0.000,50000.000,0
58001,,,50000.000,0.000,0.000,50000.000,0
58051,,,50000.000,0.000,0.000,50000.000,0
58101,,,50000.000,0.000,0.000,50000.000,0
58151,,,50000.000,0.000,0.000,50000.000,0
58201,,,50000.000,0.000,0.000,50000.000,0
58251,,,50000.000,0.000,0.000,50000.000,0
58301,,,50000.000,0.000,0.000,50000.000,0
58351,,,50000.000,0.000,0.000,50000.000,0
58401,,,50000.000,0.000,0.000,50000.000,0
58451,,,50000.000,0.000,0.000,50000.000,0
58501,,,50000.000,0.000,0.000,50000.000,0
58551,,,50000.000,0.000,0.000,50000.000,0
58601,,,50000.000,0.000,0.000,50000.000,0
58651,,,50000.000,0.000,0.000,50000.000,0
58701,,,50000.000,0.000,0.000,50000.000,0
58751,,,50000.000,0.000,0.000,50000.000,0
58801,,,50000.000,0.000,0.000,50000.000,0
58851,,,50000.000,0.000,0.000,50000.000,0
58901,,,50000.000,0.000,0.000,50000.000,0
58951,,,50000.000,0.000,0.000,50000.000,0
59001,,,50000.000,0.000,0.000,50000.000,0
59051,,,50000.000,0.000,0.000,50000.000,0
59101,,,50000.000,0.000,0.000,50000.000,0
59151,,,50000.000,0.000,0.000,50000.000,0
59201,,,50000.000,0.000,0.000,50000.000,0
59251,,,50000.000,0.000,0.000,50000.000,0
59301,,,50000.000,0.000,0.000,50000.000,0
59351,,,50000.000,0.000,0.000,50000.000,0
59401,,,50000.000,0.000,0.000,50000.000,0
59451,,,50000.000,0.000,0.000,50000.000,0
59501,,,50000.000,0.000,0.000,50000.000,0
59551,,,50000.000,0.000,0.000,50000.000,0
59601,,,50000.000,0.000,0.000,50000.000,0
59651,,,50000.000,0.000,0.000,50000.000,0
59701,,,50000.000,0.000,0.000,50000.000,0
59751,,,50000.000,0.000,0.000,50000.000,0
59801,,,50000.000,0.000,0.000,50000.000,0
59851,,,50000.000,0.000,0.000,50000.000,0
