timestamp[us],left_dx[um],left_dy[um],left_dt[us],right_dx[um],right_dy[um],right_dt[us]
1,-1.992,-1.992,50153.000,0.000,0.000,50153.000
50637,-1.992,-1.992,50000.000,0.000,0.000,50000.000
100579,-1.992,-1.992,50000.000,0.000,0.000,50000.000
150579,-1.992,-1.992,50000.000,0.000,0.000,50000.000
200580,-1.992,-1.992,50000.000,0.000,0.000,50000.000
250580,-1.992,-1.992,50000.000,0.000,0.000,50000.000
300580,-1.992,-1.992,50000.000,0.000,0.000,50000.000
350579,-1.992,-1.992,50000.000,0.000,0.000,50000.000
400579,-1.992,-1.992,50000.000,0.000,0.000,50000.000
450579,-1.992,-1.992,50000.000,0.000,0.000,50000.000
500580,-1.992,-1.992,50000.000,0.000,0.000,50000.000
550579,-1.992,-1.992,50000.000,0.000,0.000,50000.000
600579,-1.992,-1.992,50000.000,0.000,0.000,50000.000
650580,-1.992,-1.992,50000.000,0.000,0.000,50000.000
700580,-1.992,-1.992,50000.000,0.000,0.000,50000.000
750579,-1.992,-1.992,50000.000,0.000,0.000,50000.000
800579,-1.992,-1.992,50000.000,0.000,0.000,50000.000
850580,-1.992,-1.992,50000.000,0.000,0.000,50000.000
900580,-1.992,-1.992,50000.000,0.000,0.000,50000.000
950580,-1.992,-1.992,50000.000,0.000,0.000,50000.000
1000580,-1.992,-1.992,50000.000,0.000,0.000,50000.000
1050580,-1.992,-1.992,50000.000,0.000,0.000,50000.000
1100580,-1.992,-1.992,50000.000,0.000,0.000,50000.000
1150580,-1.992,-1.992,50000.000,0.000,0.000,50000.000
1200580,-1.992,-1.992,50000.000,0.000,0.000,50000.000
1250580,-1.992,-1.992,50000.000,0.000,0.000,50000.000
1300580,-1.992,-1.992,50000.000,0.000,0.000,50000.000
1350580,-1.992,-1.992,50000.000,0.000,0.000,50000.000
1400580,-1.992,-1.992,50000.000,0.000,0.000,50000.000
1450580,-1.992,-1.992,50000.000,0.000,0.000,50000.000
1500580,-1.992,-1.992,50000.000,0.000,0.000,50000.000
1550580,-1.992,-1.992,50000.000,0.000,0.000,50000.000
1600580,-1.992,-1.992,50000.000,0.000,0.000,50000.000
1650580,-1.992,-1.992,50000.000,0.000,0.000,50000.000
1700580,-1.992,-1.992,50000.000,0.000,0.000,50000.000
1750580,-1.992,-1.992,50000.000,0.000,0.000,50000.000
1800580,-1.992,-1.992,50000.000,0.000,0.000,50000.000
1850580,-1.992,-1.992,50000.000,0.000,0.000,50000.000
1900580,-1.992,-1.992,50000.000,0.000,0.000,50000.000
1950580,-1.992,-1.992,50000.000,0.000,0.000,50000.000
2000580,-1.992,-1.992,50000.000,0.000,0.000,50000.000
2050580,-1.992,-1.992,50000.000,0.000,0.000,50000.000
2100580,-1.992,-1.992,50000.000,0.000,0.000,50000.000
2150580,-1.992,-1.992,50000.000,0.000,0.000,50000.000
2200580,-1.992,-1.992,50000.000,0.000,0.000,50000.000
2250580,-1.992,-1.992,50000.000,0.000,0.000,50000.000
2300580,-1.992,-1.992,50000.000,0.000,0.000,50000.000
2350580,-1.992,-1.992,50000.000,0.000,0.000,50000.000
2400580,-1.992,-1.992,50000.000,0.000,0.000,50000.000
2450580,-1.992,-1.992,50000.000,0.000,0.000,50000.000
2500580,-1.992,-1.992,50000.000,0.000,0.000,50000.000
2550580,-1.992,-1.992,50000.000,0.000,0.000,50000.000
2600580,-1.992,-1.992,50000.000,0.000,0.000,50000.000
2650580,-1.992,-1.992,50000.000,0.000,0.000,50000.000
2700580,-1.992,-1.992,50000.000,0.000,0.000,50000.000
2750580,-1.992,-1.992,50000.000,0.000,0.000,50000.000
2800580,-1.992,-1.992,50000.000,0.000,0.000,50000.000
2850580,-1.992,-1.992,50000.000,0.000,0.000,50000.000
2900580,-1.992,-1.992,50000.000,0.000,0.000,50000.000
2950580,-1.992,-1.992,50000.000,0.000,0.000,50000.000
3000580,-1.992,-1.992,50000.000,0.000,0.000,50000.000
3050580,-1.992,-1.992,50000.000,0.000,0.000,50000.000
3100580,-1.992,-1.992,50000.000,0.000,0.000,50000.000
3150580,-1.992,-1.992,50000.000,0.000,0.000,50000.000
3200580,-1.992,-1.992,50000.000,0.000,0.000,50000.000
3250580,-1.992,-1.992,50000.000,0.000,0.000,50000.000
3300580,-1.992,-1.992,50000.000,0.000,0.000,50000.000
3350580,-1.992,-1.992,50000.000,0.000,0.000,50000.000
3400580,-1.992,-1.992,50000.000,0.000,0.000,50000.000
3450580,-1.992,-1.992,50000.000,0.000,0.000,50000.000
3500580,-1.992,-1.992,50000.000,0.000,0.000,50000.000
3550580,-1.992,-1.992,50000.000,0.000,0.000,50000.000
3600580,-1.992,-1.992,50000.000,0.000,0.000,50000.000
3650580,-1.992,-1.992,50000.000,0.000,0.000,50000.000
3700580,-1.992,-1.992,50000.000,0.000,0.000,50000.000
3750580,-1.992,-1.992,50000.000,0.000,0.000,50000.000
3800580,-1.992,-1.992,50000.000,0.000,0.000,50000.000
3850580,-1.992,-1.992,50000.000,0.000,0.000,50000.000
3900580,-1.992,-1.992,50000.000,0.000,0.000,50000.000
3950580,-1.992,-1.992,50000.000,0.000,0.000,50000.000
4000580,-1.992,-1.992,50000.000,0.000,0.000,50000.000
4050582,-1.992,-1.992,50000.000,0.000,0.000,50000.000
4100582,-1.992,-1.992,50000.000,0.000,0.000,50000.000
4150582,-1.992,-1.992,50000.000,0.000,0.000,50000.000
4200582,-1.992,-1.992,50000.000,0.000,0.000,50000.000
4250582,-1.992,-1.992,50000.000,0.000,0.000,50000.000
4300582,-1.992,-1.992,50000.000,0.000,0.000,50000.000
4350582,-1.992,-1.992,50000.000,0.000,0.000,50000.000
4400582,-1.992,-1.992,50000.000,0.000,0.000,50000.000
4450582,-1.992,-1.992,50000.000,0.000,0.000,50000.000
4500582,-1.992,-1.992,50000.000,0.000,0.000,50000.000
4550582,-1.992,-1.992,50000.000,0.000,0.000,50000.000
4600582,-1.992,-1.992,50000.000,0.000,0.000,50000.000
4650582,-1.992,-1.992,50000.000,0.000,0.000,50000.000
4700582,-1.992,-1.992,50000.000,0.000,0.000,50000.000
4750582,-1.992,-1.992,50000.000,0.000,0.000,50000.000
4800582,-1.992,-1.992,50000.000,0.000,0.000,50000.000
4850582,0.000,0.000,50000.000,0.000,0.000,50000.000
4900486,0.000,0.000,50000.000,0.000,0.000,50000.000
4950486,0.000,0.000,50000.000,0.000,0.000,50000.000
5000486,0.000,0.000,50000.000,0.000,0.000,50000.000
5050486,0.000,64769.004,50000.000,0.000,0.000,50000.000
5100561,0.000,509.992,50000.000,0.000,0.000,50000.000
5150554,-1.992,-1.992,50000.000,0.000,0.000,50000.000
5200582,-1.992,-1.992,50000.000,0.000,0.000,50000.000
5250582,-1.992,-1.992,50000.000,0.000,0.000,50000.000
5300582,-1.992,-1.992,50000.000,0.000,0.000,50000.000
5350582,-1.992,-1.992,50000.000,0.000,0.000,50000.000
5400582,-1.992,-1.992,50000.000,0.000,0.000,50000.000
5450582,-1.992,-1.992,50000.000,0.000,0.000,50000.000
5500582,-1.992,-1.992,50000.000,0.000,0.000,50000.000
5550582,-1.992,-1.992,50000.000,0.000,0.000,50000.000
5600582,-480.110,-1.992,50000.000,806.823,119.529,50000.000
5650734,-1.992,-1.992,50000.000,1217.706,194.235,50000.000
5700721,-1.992,-1.992,50000.000,239.059,373.529,50000.000
5750715,-1.992,-1.992,50000.000,351.118,1531.470,50000.000
5800720,-1.992,-1.992,50000.000,67.235,97.118,50000.000
5850705,-1.992,-1.992,50000.000,5737.411,-29.882,50000.000
5900722,-1.992,-1.992,50000.000,-5759.823,1778.000,50000.000
5950725,-1.992,-1.992,50000.000,44.824,104.588,50000.000
6000710,-1.992,-1.992,50000.000,52.294,239.059,50000.000
6050709,-1.992,-1.992,50000.000,-821.765,283.882,50000.000
6100718,-1.992,-1.992,50000.000,-209.176,44.824,50000.000
6150711,-1.992,-1.992,50000.000,-709.706,141.941,50000.000
6200715,-1.992,-1.992,50000.000,1292.412,-545.353,50000.000
6250722,-1.992,-1.992,50000.000,291.353,-141.941,50000.000
6300718,-1.992,-1.992,50000.000,-156.882,-22.412,50000.000
6350715,-1.992,-1.992,50000.000,-2144.059,-433.294,50000.000
6400723,-1.992,-1.992,50000.000,-552.823,-149.412,50000.000
6450721,-1.992,-1.992,50000.000,1456.765,-283.882,50000.000
6500724,-1.992,-1.992,50000.000,709.706,1755.588,50000.000
6550719,-1.992,-1.992,50000.000,74.706,82.176,50000.000
6600703,-1.992,-1.992,50000.000,-246.529,59.765,50000.000
6650708,-1.992,-1.992,50000.000,-1800.412,642.471,50000.000
6700715,-1.992,-1.992,50000.000,2278.529,627.529,50000.000
6750726,-1.992,-1.992,50000.000,1606.176,941.294,50000.000
6800724,-1.992,-1.992,50000.000,903.941,186.765,50000.000
6850715,-1.992,-1.992,50000.000,769.471,149.412,50000.000
6900712,-1.992,-1.992,50000.000,605.118,112.059,50000.000
6950710,-1.992,-1.992,50000.000,433.294,52.294,50000.000
7000715,-1.992,-1.992,50000.000,239.059,22.412,50000.000
7050706,-1.992,-1.992,50000.000,97.118,0.000,50000.000
7100642,-1.992,-1.992,50000.000,14.941,0.000,50000.000
7150646,-1.992,-1.992,50000.000,0.000,0.000,50000.000
7200582,-1.992,-1.992,50000.000,0.000,0.000,50000.000
7250582,-1.992,-1.992,50000.000,0.000,0.000,50000.000
7300582,-1.992,-1.992,50000.000,0.000,0.000,50000.000
7350582,-1.992,-1.992,50000.000,0.000,0.000,50000.000
7400582,-1.992,-1.992,50000.000,0.000,0.000,50000.000
7450582,-1.992,-1.992,50000.000,0.000,0.000,50000.000
7500582,-1.992,-1.992,50000.000,0.000,0.000,50000.000
7550582,-1.992,-1.992,50000.000,0.000,0.000,50000.000
7600582,-1.992,-1.992,50000.000,0.000,0.000,50000.000
7650582,-1.992,-1.992,50000.000,0.000,0.000,50000.000
7700582,-1.992,-1.992,50000.000,0.000,0.000,50000.000
7750582,-1.992,-1.992,50000.000,0.000,0.000,50000.000
7800582,-1.992,-1.992,50000.000,0.000,0.000,50000.000
7850582,-1.992,-1.992,50000.000,0.000,0.000,50000.000
7900582,-1.992,-1.992,50000.000,0.000,0.000,50000.000
7950582,-1.992,-1.992,50000.000,0.000,0.000,50000.000
8000582,-1.992,-1.992,50000.000,0.000,0.000,50000.000
8050582,-1.992,-1.992,50000.000,0.000,0.000,50000.000
8100582,-1.992,-1.992,50000.000,0.000,0.000,50000.000
8150582,-1.992,-1.992,50000.000,0.000,0.000,50000.000
8200582,-1.992,-1.992,50000.000,0.000,0.000,50000.000
8250582,-1.992,-1.992,50000.000,0.000,0.000,50000.000
8300582,-1.992,-1.992,50000.000,0.000,0.000,50000.000
8350582,-1.992,-1.992,50000.000,0.000,0.000,50000.000
8400582,-1.992,-1.992,50000.000,0.000,0.000,50000.000
8450582,-1.992,-1.992,50000.000,0.000,0.000,50000.000
8500582,-1.992,-1.992,50000.000,0.000,0.000,50000.000
8550582,-1.992,-1.992,50000.000,0.000,0.000,50000.000
8600582,-1.992,-1.992,50000.000,0.000,0.000,50000.000
8650582,-1.992,-1.992,50000.000,0.000,0.000,50000.000
8700582,-1.992,-1.992,50000.000,0.000,0.000,50000.000
8750582,-1.992,-1.992,50000.000,0.000,0.000,50000.000
8800582,-1.992,-1.992,50000.000,0.000,0.000,50000.000
8850582,-1.992,-1.992,50000.000,0.000,0.000,50000.000
8900582,-1.992,-1.992,50000.000,0.000,0.000,50000.000
8950582,-1.992,-1.992,50000.000,0.000,0.000,50000.000
9000582,-1.992,-1.992,50000.000,0.000,0.000,50000.000
9050582,-1.992,-1.992,50000.000,0.000,0.000,50000.000
9100582,-1.992,-1.992,50000.000,0.000,0.000,50000.000
9150582,-1.992,-1.992,50000.000,0.000,0.000,50000.000
9200582,-1.992,-1.992,50000.000,0.000,0.000,50000.000
9250582,-1.992,-1.992,50000.000,0.000,0.000,50000.000
9300582,-1.992,-1.992,50000.000,0.000,0.000,50000.000
9350582,-1.992,-1.992,50000.000,0.000,0.000,50000.000
9400582,-1.992,-1.992,50000.000,0.000,0.000,50000.000
9450582,-1.992,-1.992,50000.000,0.000,0.000,50000.000
9500582,-1.992,-1.992,50000.000,0.000,0.000,50000.000
9550582,-1.992,-1.992,50000.000,0.000,0.000,50000.000
9600582,-1.992,-1.992,50000.000,0.000,0.000,50000.000
9650582,-1.992,-1.992,50000.000,0.000,0.000,50000.000
9700582,-1.992,-1.992,50000.000,0.000,0.000,50000.000
9750582,-1.992,-1.992,50000.000,0.000,0.000,50000.000
9800582,-1.992,-1.992,50000.000,0.000,0.000,50000.000
9850582,-1.992,-1.992,50000.000,0.000,0.000,50000.000
9900582,-1.992,-1.992,50000.000,0.000,0.000,50000.000
9950582,-1.992,-1.992,50000.000,0.000,0.000,50000.000
10000582,-1.992,-1.992,50000.000,0.000,0.000,50000.000
10050583,-1.992,-1.992,50000.000,0.000,0.000,50000.000
10100583,-1.992,-1.992,50000.000,0.000,0.000,50000.000
10150583,-1.992,-1.992,50000.000,0.000,0.000,50000.000
10200583,-1.992,-1.992,50000.000,0.000,0.000,50000.000
10250583,-1.992,-1.992,50000.000,0.000,0.000,50000.000
10300583,-1.992,-1.992,50000.000,0.000,0.000,50000.000
10350583,-1.992,-1.992,50000.000,0.000,0.000,50000.000
10400583,-1.992,-1.992,50000.000,0.000,0.000,50000.000
10450583,-1.992,-1.992,50000.000,0.000,0.000,50000.000
10500583,-1.992,-1.992,50000.000,0.000,0.000,50000.000
10550583,-1.992,-1.992,50000.000,0.000,0.000,50000.000
10600583,-1.992,-1.992,50000.000,0.000,0.000,50000.000
10650583,-1.992,-1.992,50000.000,0.000,0.000,50000.000
10700583,-1.992,-1.992,50000.000,0.000,0.000,50000.000
10750583,-1.992,-1.992,50000.000,0.000,0.000,50000.000
10800583,-1.992,-1.992,50000.000,0.000,0.000,50000.000
10850583,-1.992,-1.992,50000.000,0.000,0.000,50000.000
10900583,-1.992,-1.992,50000.000,0.000,0.000,50000.000
10950583,-1.992,-1.992,50000.000,0.000,0.000,50000.000
11000583,-1.992,-1.992,50000.000,0.000,0.000,50000.000
11050583,-1.992,-1.992,50000.000,0.000,0.000,50000.000
11100583,-1.992,-1.992,50000.000,0.000,0.000,50000.000
11150583,-1.992,-1.992,50000.000,0.000,0.000,50000.000
11200583,-1.992,-1.992,50000.000,0.000,0.000,50000.000
11250583,-1.992,-1.992,50000.000,0.000,0.000,50000.000
11300583,-1.992,-1.992,50000.000,0.000,0.000,50000.000
11350583,-1.992,-1.992,50000.000,0.000,0.000,50000.000
11400583,-1.992,-1.992,50000.000,0.000,0.000,50000.000
11450583,-1.992,-1.992,50000.000,0.000,0.000,50000.000
11500583,-1.992,-1.992,50000.000,0.000,0.000,50000.000
11550583,-1.992,-1.992,50000.000,0.000,0.000,50000.000
11600583,-1.992,-1.992,50000.000,0.000,0.000,50000.000
11650583,-1.992,-1.992,50000.000,0.000,0.000,50000.000
11700583,-1.992,-1.992,50000.000,0.000,0.000,50000.000
11750583,-1.992,-1.992,50000.000,0.000,0.000,50000.000
11800583,-1.992,-1.992,50000.000,0.000,0.000,50000.000
11850583,-1.992,-1.992,50000.000,0.000,0.000,50000.000
11900583,-1.992,-1.992,50000.000,0.000,0.000,50000.000
11950583,-1.992,-1.992,50000.000,0.000,0.000,50000.000
12000583,-1.992,-1.992,50000.000,0.000,0.000,50000.000
12050583,-1.992,-1.992,50000.000,0.000,0.000,50000.000
12100583,-1.992,-1.992,50000.000,0.000,0.000,50000.000
12150583,-1.992,-1.992,50000.000,0.000,0.000,50000.000
12200583,-1.992,-1.992,50000.000,0.000,0.000,50000.000
12250583,-1.992,-1.992,50000.000,0.000,0.000,50000.000
12300583,-1.992,-1.992,50000.000,0.000,0.000,50000.000
12350583,-1.992,-1.992,50000.000,0.000,0.000,50000.000
12400583,-1.992,-1.992,50000.000,0.000,0.000,50000.000
12450583,-1.992,-1.992,50000.000,0.000,0.000,50000.000
12500583,-1.992,-1.992,50000.000,0.000,0.000,50000.000
12550583,-1.992,-1.992,50000.000,0.000,0.000,50000.000
12600583,-1.992,-1.992,50000.000,0.000,0.000,50000.000
12650583,-1.992,-1.992,50000.000,0.000,0.000,50000.000
12700583,-1.992,-1.992,50000.000,0.000,0.000,50000.000
12750583,-1.992,-1.992,50000.000,0.000,0.000,50000.000
12800583,-1.992,-1.992,50000.000,0.000,0.000,50000.000
12850583,-1.992,-1.992,50000.000,0.000,0.000,50000.000
12900583,-1.992,-1.992,50000.000,0.000,0.000,50000.000
12950583,-1.992,-1.992,50000.000,0.000,0.000,50000.000
13000583,-1.992,-1.992,50000.000,0.000,0.000,50000.000
13050583,-1.992,-1.992,50000.000,0.000,0.000,50000.000
13100583,-1.992,-1.992,50000.000,0.000,0.000,50000.000
13150583,-1.992,-1.992,50000.000,0.000,0.000,50000.000
13200583,-1.992,-1.992,50000.000,0.000,0.000,50000.000
13250583,-1.992,-1.992,50000.000,0.000,0.000,50000.000
13300583,-1.992,-1.992,50000.000,0.000,0.000,50000.000
13350583,-1.992,-1.992,50000.000,0.000,0.000,50000.000
13400583,-1.992,-1.992,50000.000,0.000,0.000,50000.000
13450583,-1.992,-1.992,50000.000,0.000,0.000,50000.000
13500583,-1.992,-1.992,50000.000,0.000,0.000,50000.000
13550583,-1.992,-1.992,50000.000,0.000,0.000,50000.000
13600583,-1.992,-1.992,50000.000,0.000,0.000,50000.000
13650583,-1.992,-1.992,50000.000,0.000,0.000,50000.000
13700583,-1.992,-1.992,50000.000,0.000,0.000,50000.000
13750583,-1.992,-1.992,50000.000,0.000,0.000,50000.000
13800583,-1.992,-1.992,50000.000,0.000,0.000,50000.000
13850583,-1.992,-1.992,50000.000,0.000,0.000,50000.000
13900583,-1.992,-1.992,50000.000,0.000,0.000,50000.000
13950583,-1.992,-1.992,50000.000,0.000,0.000,50000.000
14000583,-1.992,-1.992,50000.000,0.000,0.000,50000.000
14050583,-1.992,-1.992,50000.000,0.000,0.000,50000.000
14100584,-1.992,-1.992,50000.000,0.000,0.000,50000.000
14150583,-1.992,-1.992,50000.000,0.000,0.000,50000.000
14200583,-1.992,-1.992,50000.000,0.000,0.000,50000.000
14250583,-1.992,-1.992,50000.000,0.000,0.000,50000.000
14300583,-1.992,-1.992,50000.000,0.000,0.000,50000.000
14350583,-1.992,-1.992,50000.000,0.000,0.000,50000.000
14400583,-1.992,-1.992,50000.000,0.000,0.000,50000.000
14450583,-1.992,-1.992,50000.000,0.000,0.000,50000.000
14500583,-1.992,-1.992,50000.000,0.000,0.000,50000.000
14550583,-1.992,-1.992,50000.000,0.000,0.000,50000.000
14600583,-1.992,-1.992,50000.000,0.000,0.000,50000.000
14650583,-1.992,-1.992,50000.000,0.000,0.000,50000.000
14700583,-1.992,-1.992,50000.000,0.000,0.000,50000.000
14750583,-1.992,-1.992,50000.000,0.000,0.000,50000.000
14800583,-1.992,-1.992,50000.000,0.000,0.000,50000.000
14850583,-1.992,-1.992,50000.000,0.000,0.000,50000.000
14900583,-1.992,-1.992,50000.000,0.000,0.000,50000.000
14950583,-1.992,-1.992,50000.000,0.000,0.000,50000.000
15000583,-1.992,-1.992,50000.000,0.000,0.000,50000.000
15050583,-1.992,-1.992,50000.000,0.000,0.000,50000.000
15100583,-1.992,-1.992,50000.000,0.000,0.000,50000.000
15150583,-1.992,-1.992,50000.000,0.000,0.000,50000.000
15200583,-1.992,-1.992,50000.000,0.000,0.000,50000.000
15250583,-1.992,-1.992,50000.000,0.000,0.000,50000.000
15300583,-1.992,-1.992,50000.000,0.000,0.000,50000.000
15350583,-1.992,-1.992,50000.000,0.000,0.000,50000.000
15400583,-1.992,-1.992,50000.000,0.000,0.000,50000.000
15450583,-1.992,-1.992,50000.000,0.000,0.000,50000.000
15500583,-1.992,-1.992,50000.000,0.000,0.000,50000.000
15550583,-1.992,-1.992,50000.000,0.000,0.000,50000.000
15600583,-1.992,-1.992,50000.000,0.000,0.000,50000.000
15650583,-1.992,-1.992,50000.000,0.000,0.000,50000.000
15700583,-1.992,-1.992,50000.000,0.000,0.000,50000.000
15750583,-1.992,-1.992,50000.000,0.000,0.000,50000.000
15800583,-1.992,-1.992,50000.000,0.000,0.000,50000.000
15850583,-1.992,-1.992,50000.000,0.000,0.000,50000.000
15900583,-1.992,-1.992,50000.000,0.000,0.000,50000.000
15950583,-1.992,-1.992,50000.000,0.000,0.000,50000.000
16000583,-1.992,-1.992,50000.000,0.000,0.000,50000.000
16050583,-1.992,-1.992,50000.000,0.000,0.000,50000.000
16100583,-1.992,-1.992,50000.000,0.000,0.000,50000.000
16150583,-1.992,-1.992,50000.000,0.000,0.000,50000.000
16200583,-1.992,-1.992,50000.000,0.000,0.000,50000.000
16250583,-1.992,-1.992,50000.000,0.000,0.000,50000.000
16300583,-1.992,-1.992,50000.000,0.000,0.000,50000.000
16350583,-1.992,-1.992,50000.000,0.000,0.000,50000.000
16400583,-1.992,-1.992,50000.000,0.000,0.000,50000.000
16450583,-1.992,-1.992,50000.000,0.000,0.000,50000.000
16500583,-1.992,-1.992,50000.000,0.000,0.000,50000.000
16550583,-1.992,-1.992,50000.000,0.000,0.000,50000.000
16600583,-1.992,-1.992,50000.000,0.000,0.000,50000.000
16650583,-1.992,-1.992,50000.000,0.000,0.000,50000.000
16700584,-1.992,-1.992,50000.000,0.000,0.000,50000.000
16750583,-1.992,-1.992,50000.000,0.000,0.000,50000.000
16800583,-1.992,-1.992,50000.000,0.000,0.000,50000.000
16850583,-1.992,-1.992,50000.000,0.000,0.000,50000.000
16900583,-1.992,-1.992,50000.000,0.000,0.000,50000.000
16950583,-1.992,-1.992,50000.000,0.000,0.000,50000.000
17000583,-1.992,-1.992,50000.000,0.000,0.000,50000.000
17050583,-1.992,-1.992,50000.000,0.000,0.000,50000.000
17100583,-1.992,-1.992,50000.000,0.000,0.000,50000.000
17150583,-1.992,-1.992,50000.000,0.000,0.000,50000.000
17200583,-1.992,-1.992,50000.000,0.000,0.000,50000.000
17250583,-1.992,-1.992,50000.000,0.000,0.000,50000.000
17300583,-1.992,-1.992,50000.000,0.000,0.000,50000.000
17350583,-1.992,-1.992,50000.000,0.000,0.000,50000.000
17400583,-1.992,-1.992,50000.000,0.000,0.000,50000.000
17450583,-1.992,-1.992,50000.000,0.000,0.000,50000.000
17500583,-1.992,-1.992,50000.000,0.000,0.000,50000.000
17550583,-1.992,-1.992,50000.000,0.000,0.000,50000.000
17600583,-1.992,-1.992,50000.000,0.000,0.000,50000.000
17650583,-1.992,-1.992,50000.000,0.000,0.000,50000.000
17700583,-1.992,-1.992,50000.000,0.000,0.000,50000.000
17750583,-1.992,-1.992,50000.000,0.000,0.000,50000.000
17800583,-1.992,-1.992,50000.000,0.000,0.000,50000.000
17850583,-1.992,-1.992,50000.000,0.000,0.000,50000.000
17900583,-1.992,-1.992,50000.000,0.000,0.000,50000.000
17950583,-1.992,-1.992,50000.000,0.000,0.000,50000.000
18000583,-1.992,-1.992,50000.000,0.000,0.000,50000.000
18050583,-1.992,-1.992,50000.000,0.000,0.000,50000.000
18100583,-1.992,-1.992,50000.000,0.000,0.000,50000.000
18150583,-1.992,-1.992,50000.000,0.000,0.000,50000.000
18200583,-1.992,-1.992,50000.000,0.000,0.000,50000.000
18250583,-1.992,-1.992,50000.000,0.000,0.000,50000.000
18300583,-1.992,-1.992,50000.000,0.000,0.000,50000.000
18350583,-1.992,-1.992,50000.000,0.000,0.000,50000.000
18400583,-1.992,-1.992,50000.000,0.000,0.000,50000.000
18450583,-1.992,-1.992,50000.000,0.000,0.000,50000.000
18500583,-1.992,-1.992,50000.000,0.000,0.000,50000.000
18550583,-1.992,-1.992,50000.000,0.000,0.000,50000.000
18600583,-1.992,-1.992,50000.000,0.000,0.000,50000.000
18650583,-1.992,-1.992,50000.000,0.000,0.000,50000.000
18700583,-1.992,-1.992,50000.000,0.000,0.000,50000.000
18750583,-1.992,-1.992,50000.000,0.000,0.000,50000.000
18800583,-1.992,-1.992,50000.000,0.000,0.000,50000.000
18850583,-1.992,-1.992,50000.000,0.000,0.000,50000.000
18900583,-1.992,-1.992,50000.000,0.000,0.000,50002.000
18950598,-1.992,-1.992,50000.000,0.000,0.000,50000.000
19000583,-1.992,-1.992,50000.000,0.000,0.000,50000.000
19050583,-1.992,-1.992,50000.000,0.000,0.000,50000.000
19100583,-1.992,-1.992,50000.000,0.000,0.000,50000.000
19150583,-1.992,-1.992,50000.000,0.000,0.000,50000.000
19200583,-1.992,-1.992,50000.000,0.000,0.000,50000.000
19250583,-1.992,-1.992,50000.000,0.000,0.000,50000.000
19300583,-1.992,-1.992,50000.000,0.000,0.000,50000.000
19350583,-1.992,-1.992,50000.000,0.000,0.000,50000.000
19400584,-1.992,-1.992,50000.000,0.000,0.000,50000.000
19450583,-1.992,-1.992,50000.000,0.000,0.000,50000.000
19500583,-1.992,-1.992,50000.000,0.000,0.000,50000.000
19550583,-1.992,-1.992,50000.000,0.000,0.000,50000.000
19600583,-1.992,-1.992,50000.000,0.000,0.000,50000.000
19650584,-1.992,-1.992,50000.000,0.000,0.000,50000.000
19700583,-1.992,-1.992,50000.000,0.000,0.000,50000.000
19750583,-1.992,-1.992,50000.000,0.000,0.000,50000.000
19800583,-1.992,-1.992,50000.000,0.000,0.000,50000.000
19850583,-1.992,-1.992,50000.000,0.000,0.000,50000.000
19900583,-1.992,-1.992,50000.000,0.000,0.000,50000.000
19950584,-1.992,-1.992,50000.000,0.000,0.000,50000.000
20000584,-1.992,-1.992,50000.000,0.000,0.000,50000.000
20050583,-1.992,-1.992,50000.000,0.000,0.000,50000.000
20100583,-1.992,-1.992,50000.000,0.000,0.000,50000.000
20150583,-1.992,-1.992,50000.000,0.000,0.000,50000.000
20200583,-1.992,-1.992,50000.000,0.000,0.000,50000.000
20250583,-1.992,-1.992,50000.000,0.000,0.000,50000.000
20300583,-1.992,-1.992,50000.000,0.000,0.000,50000.000
20350583,-1.992,-1.992,50000.000,0.000,0.000,50000.000
20400584,-1.992,-1.992,50000.000,0.000,0.000,50000.000
20450583,-1.992,-1.992,50000.000,0.000,0.000,50000.000
20500583,-1.992,-1.992,50000.000,0.000,0.000,50000.000
20550583,-1.992,-1.992,50000.000,0.000,0.000,50000.000
20600584,-1.992,-1.992,50000.000,0.000,0.000,50000.000
20650583,-1.992,-1.992,50000.000,0.000,0.000,50000.000
20700584,-1.992,-1.992,50000.000,0.000,0.000,50000.000
20750583,-1.992,-1.992,50000.000,0.000,0.000,50000.000
20800584,-1.992,-1.992,50000.000,0.000,0.000,50000.000
20850584,-1.992,-1.992,50000.000,0.000,0.000,50000.000
20900583,-1.992,-1.992,50000.000,0.000,0.000,50000.000
20950583,-1.992,-1.992,50000.000,0.000,0.000,50000.000
21000583,-1.992,-1.992,50000.000,0.000,0.000,50000.000
21050583,-1.992,-1.992,50002.000,0.000,0.000,50000.000
21100598,-1.992,-1.992,50000.000,0.000,0.000,50000.000
21150583,-1.992,-1.992,49998.000,0.000,0.000,49998.000
21200632,-1.992,-1.992,50000.000,0.000,0.000,50000.000
21250581,-1.992,-1.992,50000.000,0.000,0.000,50000.000
21300581,-1.992,-1.992,50000.000,0.000,0.000,50000.000
21350581,-1.992,-1.992,50000.000,0.000,0.000,50000.000
21400581,-1.992,-1.992,50000.000,0.000,0.000,50000.000
21450581,-1.992,-1.992,50000.000,0.000,0.000,50000.000
21500581,-1.992,-1.992,50000.000,0.000,0.000,50000.000
21550581,-1.992,-1.992,50000.000,0.000,0.000,50000.000
21600581,-1.992,-1.992,50000.000,0.000,0.000,50000.000
21650581,-1.992,-1.992,50000.000,0.000,0.000,50000.000
21700581,-1.992,-1.992,50000.000,0.000,0.000,50000.000
21750581,-1.992,-1.992,50000.000,0.000,0.000,50000.000
21800582,-1.992,-1.992,50000.000,0.000,0.000,50000.000
21850581,-1.992,-1.992,50000.000,0.000,0.000,50000.000
21900581,-1.992,-1.992,50000.000,0.000,0.000,50000.000
21950581,-1.992,-1.992,50000.000,0.000,0.000,50000.000
22000581,-1.992,-1.992,50000.000,0.000,0.000,50000.000
22050581,-1.992,-1.992,50000.000,0.000,0.000,50000.000
22100581,-1.992,-1.992,50000.000,0.000,0.000,50000.000
22150582,-1.992,-1.992,50000.000,0.000,0.000,50000.000
22200582,-1.992,-1.992,50000.000,0.000,0.000,50000.000
22250582,-1.992,-1.992,50000.000,0.000,0.000,50000.000
22300582,-1.992,-1.992,50000.000,0.000,0.000,50000.000
22350581,-1.992,-1.992,50000.000,0.000,0.000,50000.000
22400581,-1.992,-1.992,50000.000,0.000,0.000,50000.000
22450581,-1.992,-1.992,50000.000,0.000,0.000,50000.000
22500581,-1.992,-1.992,50000.000,0.000,0.000,50000.000
22550581,-1.992,-1.992,50000.000,0.000,0.000,50000.000
22600582,-1.992,-1.992,50000.000,0.000,0.000,50000.000
22650582,-1.992,-1.992,50000.000,0.000,0.000,50000.000
22700581,-1.992,-1.992,50000.000,0.000,0.000,50000.000
22750581,-1.992,-1.992,50000.000,0.000,0.000,50000.000
22800581,-1.992,-1.992,50000.000,0.000,0.000,50000.000
22850581,-1.992,-1.992,50000.000,0.000,0.000,50000.000
22900581,-1.992,-1.992,50000.000,0.000,0.000,50000.000
22950581,-1.992,-1.992,50000.000,0.000,0.000,50000.000
23000582,-1.992,-1.992,50000.000,0.000,0.000,50000.000
23050581,-1.992,-1.992,50000.000,0.000,0.000,50000.000
23100582,-1.992,-1.992,50000.000,0.000,0.000,50000.000
23150581,-1.992,-1.992,50000.000,0.000,0.000,50000.000
23200581,-1.992,-1.992,50000.000,0.000,0.000,50000.000
23250581,-1.992,-1.992,50000.000,0.000,0.000,50000.000
23300581,-1.992,-1.992,50000.000,0.000,0.000,50000.000
23350582,-1.992,-1.992,50000.000,0.000,0.000,50000.000
23400581,-1.992,-1.992,50000.000,0.000,0.000,50000.000
23450581,-1.992,-1.992,50000.000,0.000,0.000,50000.000
23500581,-1.992,-1.992,50000.000,0.000,0.000,50000.000
23550581,-1.992,-1.992,50000.000,0.000,0.000,50000.000
23600581,-1.992,-1.992,50000.000,0.000,0.000,50000.000
23650581,-1.992,-1.992,50000.000,0.000,0.000,50000.000
23700581,-1.992,-1.992,50000.000,0.000,0.000,50000.000
23750582,-1.992,-1.992,50000.000,0.000,0.000,50000.000
23800581,-1.992,-1.992,50000.000,0.000,0.000,50000.000
23850581,-1.992,-1.992,50000.000,0.000,0.000,50000.000
23900581,-1.992,-1.992,50000.000,0.000,0.000,50000.000
23950581,-1.992,-1.992,50000.000,0.000,0.000,50000.000
24000581,-1.992,-1.992,50000.000,0.000,0.000,50000.000
24050582,-1.992,-1.992,50000.000,0.000,0.000,50000.000
24100582,-1.992,-1.992,50000.000,0.000,0.000,50000.000
24150582,-1.992,-1.992,50000.000,0.000,0.000,50000.000
24200581,-1.992,-1.992,50000.000,0.000,0.000,50000.000
24250581,-1.992,-1.992,50000.000,0.000,0.000,50000.000
24300581,-1.992,-1.992,50000.000,0.000,0.000,50000.000
24350582,-1.992,-1.992,50000.000,0.000,0.000,50000.000
24400581,-1.992,-1.992,50000.000,0.000,0.000,50000.000
24450581,-1.992,-1.992,50000.000,0.000,0.000,50000.000
24500581,-1.992,-1.992,50000.000,0.000,0.000,50000.000
24550582,-1.992,-1.992,50000.000,0.000,0.000,50000.000
24600581,-1.992,-1.992,50000.000,0.000,0.000,50000.000
24650582,-1.992,-1.992,50000.000,0.000,0.000,50000.000
24700581,-1.992,-1.992,50000.000,0.000,0.000,50000.000
24750581,-1.992,-1.992,50000.000,0.000,0.000,50000.000
24800581,-1.992,-1.992,50000.000,0.000,0.000,50000.000
24850581,-1.992,-1.992,50000.000,0.000,0.000,50000.000
24900581,-1.992,-1.992,50000.000,0.000,0.000,50000.000
24950582,-1.992,-1.992,50000.000,0.000,0.000,50000.000
25000582,-1.992,-1.992,50000.000,0.000,0.000,50000.000
25050581,-1.992,-1.992,50000.000,0.000,0.000,50000.000
25100581,-1.992,-1.992,50000.000,0.000,0.000,50000.000
25150581,-1.992,-1.992,50000.000,0.000,0.000,50000.000
25200581,-1.992,-1.992,50000.000,0.000,0.000,50000.000
25250582,-1.992,-1.992,50000.000,0.000,0.000,50000.000
25300582,-1.992,-1.992,50000.000,0.000,0.000,50000.000
25350581,-1.992,-1.992,50000.000,0.000,0.000,50000.000
25400581,-1.992,-1.992,50000.000,0.000,0.000,50000.000
25450581,-1.992,-1.992,50000.000,0.000,0.000,50000.000
25500582,-1.992,-1.992,50000.000,0.000,0.000,50000.000
25550582,-1.992,-1.992,50000.000,0.000,0.000,50000.000
25600582,-1.992,-1.992,50000.000,0.000,0.000,50000.000
25650582,-1.992,-1.992,50000.000,0.000,0.000,50000.000
25700581,-1.992,-1.992,50000.000,0.000,0.000,50000.000
25750581,-1.992,-1.992,50000.000,0.000,0.000,50000.000
25800581,-1.992,-1.992,50000.000,0.000,0.000,50000.000
25850582,-1.992,-1.992,50000.000,0.000,0.000,50000.000
25900582,-1.992,-1.992,50000.000,0.000,0.000,50000.000
25950582,-1.992,-1.992,50000.000,0.000,0.000,50000.000
26000581,-1.992,-1.992,50000.000,0.000,0.000,50000.000
26050581,-1.992,-1.992,50000.000,0.000,0.000,50000.000
26100581,-1.992,-1.992,50000.000,0.000,0.000,50000.000
26150582,-1.992,-1.992,50000.000,0.000,0.000,50000.000
26200582,-1.992,-1.992,50000.000,0.000,0.000,50000.000
26250582,-1.992,-1.992,50000.000,0.000,0.000,50000.000
26300581,-1.992,-1.992,50000.000,0.000,0.000,50000.000
26350581,-1.992,-1.992,50000.000,0.000,0.000,50000.000
26400581,-1.992,-1.992,50000.000,0.000,0.000,50000.000
26450582,-1.992,-1.992,50000.000,0.000,0.000,50000.000
26500581,-1.992,-1.992,50000.000,0.000,0.000,50000.000
26550581,-1.992,-1.992,50000.000,0.000,0.000,50000.000
26600581,-1.992,-1.992,50000.000,0.000,0.000,50000.000
26650581,-1.992,-1.992,50000.000,0.000,0.000,50000.000
26700582,-1.992,-1.992,50000.000,0.000,0.000,50000.000
26750581,-1.992,-1.992,50000.000,0.000,0.000,50000.000
26800581,-1.992,-1.992,50000.000,0.000,0.000,50000.000
26850581,-1.992,-1.992,50000.000,0.000,0.000,50000.000
26900581,-1.992,-1.992,50000.000,0.000,0.000,50000.000
26950581,-1.992,-1.992,50000.000,0.000,0.000,50000.000
27000582,-1.992,-1.992,50000.000,0.000,0.000,50000.000
27050582,-1.992,-1.992,50000.000,0.000,0.000,50000.000
27100581,-1.992,-1.992,50000.000,0.000,0.000,50000.000
27150581,-1.992,-1.992,50000.000,0.000,0.000,50000.000
27200581,-1.992,-1.992,50000.000,0.000,0.000,50000.000
27250582,-1.992,-1.992,50000.000,0.000,0.000,50000.000
27300581,-1.992,-1.992,50000.000,0.000,0.000,50000.000
27350582,-1.992,-1.992,50000.000,0.000,0.000,50000.000
27400581,-1.992,-1.992,50000.000,0.000,0.000,50000.000
27450581,-1.992,-1.992,50000.000,0.000,0.000,50000.000
27500581,-1.992,-1.992,50000.000,0.000,0.000,50000.000
27550581,-1.992,-1.992,50000.000,0.000,0.000,50000.000
27600581,-1.992,-1.992,50000.000,0.000,0.000,50000.000
27650582,-1.992,-1.992,50000.000,0.000,0.000,50000.000
27700581,-1.992,-1.992,50000.000,0.000,0.000,50000.000
27750581,-1.992,-1.992,50000.000,0.000,0.000,50000.000
27800582,-1.992,-1.992,50000.000,0.000,0.000,50000.000
27850582,-1.992,-1.992,50000.000,0.000,0.000,50000.000
27900581,-1.992,-1.992,50000.000,0.000,0.000,50000.000
27950581,-1.992,-1.992,50000.000,0.000,0.000,50000.000
28000581,-1.992,-1.992,50000.000,0.000,0.000,50000.000
28050581,-1.992,-1.992,50000.000,0.000,0.000,50000.000
28100581,-1.992,-1.992,50000.000,0.000,0.000,50000.000
28150581,-1.992,-1.992,50000.000,0.000,0.000,50000.000
28200581,-1.992,-1.992,50000.000,0.000,0.000,50000.000
28250581,-1.992,-1.992,50000.000,0.000,0.000,50000.000
28300582,-1.992,-1.992,50000.000,0.000,0.000,50000.000
28350581,-1.992,-1.992,50000.000,0.000,0.000,50000.000
28400581,-1.992,-1.992,50000.000,0.000,0.000,50000.000
28450581,-1.992,-1.992,50000.000,0.000,0.000,50000.000
28500581,-1.992,-1.992,50000.000,0.000,0.000,50000.000
28550582,-1.992,-1.992,50000.000,0.000,0.000,50000.000
28600581,-1.992,-1.992,50000.000,0.000,0.000,50000.000
28650581,-1.992,-1.992,50000.000,0.000,0.000,50000.000
28700581,-1.992,-1.992,50000.000,0.000,0.000,50000.000
28750581,-1.992,-1.992,50000.000,0.000,0.000,50000.000
28800582,-1.992,-1.992,50000.000,0.000,0.000,50000.000
28850582,-1.992,-1.992,50000.000,0.000,0.000,50000.000
28900581,-1.992,-1.992,50000.000,0.000,0.000,50000.000
28950581,-1.992,-1.992,50000.000,0.000,0.000,50000.000
29000581,-1.992,-1.992,50000.000,0.000,0.000,50000.000
29050582,-1.992,-1.992,50000.000,0.000,0.000,50000.000
29100581,-1.992,-1.992,50000.000,0.000,0.000,50000.000
29150582,-1.992,-1.992,50000.000,0.000,0.000,50000.000
29200581,-1.992,-1.992,50000.000,0.000,0.000,50000.000
29250581,-1.992,-1.992,50000.000,0.000,0.000,50000.000
29300582,-1.992,-1.992,50000.000,0.000,0.000,50000.000
29350581,-1.992,-1.992,50000.000,0.000,0.000,50000.000
29400581,-1.992,-1.992,50000.000,0.000,0.000,50000.000
29450581,-1.992,-1.992,50000.000,0.000,0.000,50000.000
29500581,-1.992,-1.992,50000.000,0.000,0.000,50000.000
29550582,-1.992,-1.992,50000.000,0.000,0.000,50000.000
29600581,-1.992,-1.992,50000.000,0.000,0.000,50000.000
29650581,-1.992,-1.992,50000.000,0.000,0.000,50000.000
29700582,-1.992,-1.992,50000.000,0.000,0.000,50000.000
29750582,-1.992,-1.992,50000.000,0.000,0.000,50000.000
29800582,-1.992,-1.992,50000.000,0.000,0.000,50000.000
29850582,-1.992,-1.992,50000.000,0.000,0.000,50000.000
29900581,-1.992,-1.992,50000.000,0.000,0.000,50000.000
29950581,-1.992,-1.992,50000.000,0.000,0.000,50000.000
30000582,-1.992,-1.992,50000.000,0.000,0.000,50000.000
30050582,-1.992,-1.992,50000.000,0.000,0.000,50000.000
30100581,-1.992,-1.992,50000.000,0.000,0.000,50000.000
30150581,-1.992,-1.992,50000.000,0.000,0.000,50000.000
30200581,-1.992,-1.992,50000.000,0.000,0.000,50000.000
30250581,-1.992,-1.992,50000.000,0.000,0.000,50000.000
30300582,-1.992,-1.992,50000.000,0.000,0.000,50000.000
30350581,-1.992,-1.992,50000.000,0.000,0.000,50000.000
30400581,-1.992,-1.992,50000.000,0.000,0.000,50000.000
30450582,-1.992,-1.992,50000.000,0.000,0.000,50000.000
30500582,-1.992,-1.992,50000.000,0.000,0.000,50000.000
30550581,-1.992,-1.992,50000.000,0.000,0.000,50000.000
30600581,-1.992,-1.992,50000.000,0.000,0.000,50000.000
30650581,-1.992,-1.992,50000.000,0.000,0.000,50000.000
30700582,-1.992,-1.992,50000.000,0.000,0.000,50000.000
30750581,-1.992,-1.992,50000.000,0.000,0.000,50000.000
30800581,-1.992,-1.992,50000.000,0.000,0.000,50000.000
30850581,-1.992,-1.992,50000.000,0.000,0.000,50000.000
30900582,-1.992,-1.992,50000.000,0.000,0.000,50000.000
30950581,-1.992,-1.992,50000.000,0.000,0.000,50000.000
31000581,-1.992,-1.992,50000.000,0.000,0.000,50000.000
31050581,-1.992,-1.992,50000.000,0.000,0.000,50000.000
31100581,-1.992,-1.992,50000.000,0.000,0.000,50000.000
31150581,-1.992,-1.992,50000.000,0.000,0.000,50000.000
31200581,-1.992,-1.992,50000.000,0.000,0.000,50000.000
31250581,-1.992,-1.992,50000.000,0.000,0.000,50000.000
31300581,-1.992,-1.992,50000.000,0.000,0.000,50000.000
31350582,-1.992,-1.992,50000.000,0.000,0.000,50000.000
31400581,-1.992,-1.992,50000.000,0.000,0.000,50000.000
31450581,-1.992,-1.992,50000.000,0.000,0.000,50000.000
31500582,-1.992,-1.992,50000.000,0.000,0.000,50000.000
31550582,-1.992,-1.992,50000.000,0.000,0.000,50000.000
31600582,-1.992,-1.992,50000.000,0.000,0.000,50000.000
31650581,-1.992,-1.992,50000.000,0.000,0.000,50000.000
31700581,-1.992,-1.992,50000.000,0.000,0.000,50000.000
31750582,-1.992,-1.992,50000.000,0.000,0.000,50000.000
31800581,-1.992,-1.992,50000.000,0.000,0.000,50000.000
31850581,-1.992,-1.992,50000.000,0.000,0.000,50000.000
31900581,-1.992,-1.992,50000.000,0.000,0.000,50000.000
31950582,-1.992,-1.992,50000.000,0.000,0.000,50000.000
32000582,-1.992,-1.992,50000.000,0.000,0.000,50000.000
32050581,-1.992,-1.992,50000.000,0.000,0.000,50000.000
32100581,-1.992,-1.992,50000.000,0.000,0.000,50000.000
32150581,-1.992,-1.992,50000.000,0.000,0.000,50000.000
32200582,-1.992,-1.992,50000.000,0.000,0.000,50000.000
32250582,-1.992,-1.992,50000.000,0.000,0.000,50000.000
32300581,-1.992,-1.992,50000.000,0.000,0.000,50000.000
32350581,-1.992,-1.992,50000.000,0.000,0.000,50000.000
32400581,-1.992,-1.992,50000.000,0.000,0.000,50000.000
32450581,-1.992,-1.992,50000.000,0.000,0.000,50000.000
32500581,-1.992,-1.992,50000.000,0.000,0.000,50000.000
32550581,-1.992,-1.992,50000.000,0.000,0.000,50000.000
32600581,-1.992,-1.992,50000.000,0.000,0.000,50000.000
32650581,-1.992,-1.992,50000.000,0.000,0.000,50000.000
32700581,-1.992,-1.992,50000.000,0.000,0.000,50000.000
32750581,-1.992,-1.992,50000.000,0.000,0.000,50000.000
32800581,-1.992,-1.992,50000.000,0.000,0.000,50000.000
32850581,-1.992,-1.992,50000.000,0.000,0.000,50000.000
32900581,-1.992,-1.992,50000.000,0.000,0.000,50000.000
32950581,-1.992,-1.992,50000.000,0.000,0.000,50000.000
33000581,-1.992,-1.992,50000.000,0.000,0.000,50000.000
33050582,-1.992,-1.992,50000.000,0.000,0.000,50000.000
33100581,0.000,0.000,50000.000,0.000,0.000,50000.000
33150487,-1.992,-1.992,50000.000,0.000,0.000,50000.000
33200582,-1.992,-1.992,50000.000,0.000,0.000,50000.000
33250582,-1.992,-1.992,50000.000,0.000,0.000,50000.000
33300581,-1.992,-1.992,50000.000,0.000,0.000,50000.000
33350582,-1.992,-1.992,50000.000,0.000,0.000,50000.000
33400582,-1.992,-1.992,50000.000,0.000,0.000,50000.000
33450581,-1.992,-1.992,50000.000,0.000,0.000,50000.000
33500582,-1.992,-1.992,50000.000,0.000,0.000,50000.000
33550581,-1.992,-1.992,50000.000,0.000,0.000,50000.000
33600582,-1.992,-1.992,50000.000,0.000,0.000,50000.000
33650581,-1.992,-1.992,50000.000,0.000,0.000,50000.000
33700581,-1.992,-1.992,50000.000,0.000,0.000,50000.000
33750581,-1.992,-1.992,50000.000,0.000,0.000,50000.000
33800582,-1.992,-1.992,50000.000,0.000,0.000,50000.000
33850583,-1.992,-1.992,50000.000,0.000,0.000,50000.000
33900583,-1.992,-1.992,50000.000,0.000,0.000,50000.000
33950583,-1.992,-1.992,50000.000,0.000,0.000,50000.000
34000584,-1.992,-1.992,50000.000,0.000,0.000,50000.000
34050584,-1.992,-1.992,50000.000,0.000,0.000,50000.000
34100584,-1.992,-1.992,50000.000,0.000,0.000,50000.000
34150583,-1.992,-1.992,50000.000,0.000,0.000,50000.000
34200584,-1.992,-1.992,50000.000,0.000,0.000,50000.000
34250584,-1.992,-1.992,50000.000,0.000,0.000,50000.000
34300583,-1.992,-1.992,50000.000,0.000,0.000,50000.000
34350583,-1.992,-1.992,50000.000,0.000,0.000,50000.000
34400584,-1.992,-1.992,50000.000,0.000,0.000,50000.000
34450583,-1.992,-1.992,50000.000,0.000,0.000,50000.000
34500583,-1.992,-1.992,50000.000,0.000,0.000,50000.000
34550583,0.000,0.000,50000.000,0.000,0.000,50000.000
34600487,0.000,0.000,50000.000,0.000,0.000,50000.000
34650487,0.000,0.000,50000.000,0.000,0.000,50000.000
34700487,-1.992,-1.992,50000.000,0.000,0.000,50000.000
34750583,-1.992,-1.992,50000.000,0.000,0.000,50000.000
34800583,-1.992,-1.992,50000.000,0.000,0.000,50000.000
34850583,0.000,0.000,50000.000,0.000,0.000,50000.000
34900487,-1.992,-1.992,50000.000,0.000,0.000,50000.000
34950583,0.000,0.000,50000.000,0.000,0.000,50000.000
35000487,-1.992,-1.992,50000.000,0.000,0.000,50000.000
35050583,0.000,0.000,50000.000,0.000,0.000,50000.000
35100487,-1.992,-1.992,50000.000,0.000,0.000,50000.000
35150583,-1.992,-1.992,50000.000,0.000,0.000,50000.000
35200583,-1.992,-1.992,50000.000,0.000,0.000,50000.000
35250583,-1.992,-1.992,50000.000,0.000,0.000,50000.000
35300583,-1.992,-1.992,50000.000,0.000,0.000,50000.000
35350583,-1.992,-1.992,50000.000,0.000,0.000,50000.000
35400583,-1.992,-1.992,50000.000,0.000,0.000,50000.000
35450583,-1.992,-1.992,50000.000,0.000,0.000,50000.000
35500583,-1.992,-1.992,50000.000,0.000,0.000,50000.000
35550583,-1.992,-1.992,50000.000,0.000,0.000,50000.000
35600583,-1.992,-1.992,50000.000,0.000,0.000,50000.000
35650583,-1.992,-1.992,50000.000,0.000,0.000,50000.000
35700583,-1.992,-1.992,50000.000,0.000,0.000,50000.000
35750583,-1.992,-1.992,50000.000,0.000,0.000,50000.000
35800583,-1.992,-1.992,50000.000,0.000,0.000,50000.000
35850583,-1.992,-1.992,50000.000,0.000,0.000,50000.000
35900583,-1.992,-1.992,50000.000,0.000,0.000,50000.000
35950583,-1.992,-1.992,50000.000,0.000,0.000,50000.000
36000584,-1.992,-1.992,50000.000,0.000,0.000,50000.000
36050583,-1.992,-1.992,50000.000,0.000,0.000,50000.000
36100583,-1.992,-1.992,50000.000,0.000,0.000,50000.000
36150583,-1.992,-1.992,50000.000,0.000,0.000,50000.000
36200583,-1.992,-1.992,50000.000,0.000,0.000,50000.000
36250583,-1.992,-1.992,50000.000,0.000,0.000,50000.000
36300583,-1.992,-1.992,50000.000,0.000,0.000,50000.000
36350583,-1.992,-1.992,50000.000,0.000,0.000,50000.000
36400583,-1.992,-1.992,50000.000,0.000,0.000,50000.000
36450583,-1.992,-1.992,50000.000,0.000,0.000,50000.000
36500583,-1.992,-1.992,50000.000,0.000,0.000,50000.000
36550583,-1.992,-1.992,50000.000,0.000,0.000,50000.000
36600583,-1.992,-1.992,50000.000,0.000,0.000,50000.000
36650583,-1.992,-1.992,50000.000,0.000,0.000,50000.000
36700583,-1.992,-1.992,50000.000,0.000,0.000,50000.000
36750583,-1.992,-1.992,50000.000,0.000,0.000,50000.000
36800583,-1.992,-1.992,50000.000,0.000,0.000,50000.000
36850583,-1.992,-1.992,50000.000,0.000,0.000,50000.000
36900583,-1.992,-1.992,50000.000,0.000,0.000,50000.000
36950583,-1.992,-1.992,50000.000,0.000,0.000,50000.000
37000583,-1.992,-1.992,50000.000,0.000,0.000,50000.000
37050583,-1.992,-1.992,50000.000,0.000,0.000,50000.000
37100583,-1.992,-1.992,50000.000,0.000,0.000,50000.000
37150583,-1.992,-1.992,50000.000,0.000,0.000,50000.000
37200583,-1.992,-1.992,50000.000,0.000,0.000,50000.000
37250583,-1.992,-1.992,50000.000,0.000,0.000,50000.000
37300583,-1.992,-1.992,50000.000,0.000,0.000,50000.000
37350584,-1.992,-1.992,50000.000,0.000,0.000,50000.000
37400583,-1.992,-1.992,50000.000,0.000,0.000,50000.000
37450583,-1.992,-1.992,50000.000,0.000,0.000,50000.000
37500583,-1.992,-1.992,50000.000,0.000,0.000,50000.000
37550583,-1.992,-1.992,50000.000,0.000,0.000,50000.000
37600583,-1.992,-1.992,50000.000,0.000,0.000,50000.000
37650583,-1.992,-1.992,50000.000,0.000,0.000,50000.000
37700583,0.000,0.000,50000.000,0.000,0.000,50000.000
37750488,-1.992,-1.992,50000.000,0.000,0.000,50000.000
37800583,-1.992,-1.992,50000.000,0.000,0.000,50000.000
37850583,-1.992,-1.992,50000.000,0.000,0.000,50000.000
37900583,-1.992,-1.992,50000.000,0.000,0.000,50000.000
37950583,-1.992,-1.992,50000.000,0.000,0.000,50000.000
38000583,-1.992,-1.992,50000.000,0.000,0.000,50000.000
38050583,-1.992,-1.992,50000.000,0.000,0.000,50000.000
38100583,-1.992,-1.992,50000.000,0.000,0.000,50000.000
38150583,-1.992,-1.992,50000.000,0.000,0.000,50000.000
38200583,-1.992,-1.992,50000.000,0.000,0.000,50000.000
38250583,-1.992,-1.992,50000.000,0.000,0.000,50000.000
38300583,-1.992,-1.992,50000.000,0.000,0.000,50000.000
38350583,-1.992,-1.992,50000.000,0.000,0.000,50000.000
38400583,-1.992,-1.992,50000.000,0.000,0.000,50000.000
38450583,-1.992,-1.992,50000.000,0.000,0.000,50000.000
38500583,-1.992,-1.992,50000.000,0.000,0.000,50000.000
38550583,-1.992,-1.992,50000.000,0.000,0.000,50000.000
38600583,-1.992,-1.992,50000.000,0.000,0.000,50000.000
38650583,-1.992,-1.992,50000.000,0.000,0.000,50000.000
38700583,-1.992,-1.992,50000.000,0.000,0.000,50000.000
38750583,-1.992,-1.992,50000.000,0.000,0.000,50000.000
38800583,-1.992,-1.992,50000.000,0.000,0.000,50000.000
38850583,-1.992,-1.992,50000.000,0.000,0.000,50000.000
38900583,-1.992,-1.992,50000.000,0.000,0.000,50000.000
38950583,-1.992,-1.992,50000.000,0.000,0.000,50000.000
39000583,-1.992,-1.992,50000.000,0.000,0.000,50000.000
39050583,-1.992,-1.992,50000.000,0.000,0.000,50000.000
39100583,-1.992,-1.992,50000.000,0.000,0.000,50000.000
39150583,-1.992,-1.992,50000.000,0.000,0.000,50000.000
39200583,-1.992,-1.992,50000.000,0.000,0.000,50000.000
39250584,-1.992,-1.992,50000.000,0.000,0.000,50000.000
39300583,-1.992,-1.992,50000.000,0.000,0.000,50000.000
39350583,-1.992,-1.992,50000.000,0.000,0.000,50000.000
39400583,-1.992,-1.992,50000.000,0.000,0.000,50000.000
39450583,-1.992,-1.992,50000.000,0.000,0.000,50000.000
39500583,-1.992,-1.992,50000.000,0.000,0.000,50000.000
39550583,-1.992,-1.992,50000.000,0.000,0.000,50000.000
39600583,-1.992,-1.992,50000.000,0.000,0.000,50000.000
39650583,-1.992,-1.992,50000.000,0.000,0.000,50000.000
39700583,-1.992,-1.992,50000.000,0.000,0.000,50000.000
39750583,-1.992,-1.992,50000.000,0.000,0.000,50000.000
39800583,-1.992,-1.992,50000.000,0.000,0.000,50000.000
39850584,-1.992,-1.992,50000.000,0.000,0.000,50000.000
39900583,-1.992,-1.992,50000.000,0.000,0.000,50000.000
39950583,-1.992,-1.992,50000.000,0.000,0.000,50000.000
40000583,-1.992,-1.992,50000.000,0.000,0.000,50000.000
40050583,-1.992,-1.992,50000.000,0.000,0.000,50000.000
40100583,-1.992,-1.992,50000.000,0.000,0.000,50000.000
40150583,-1.992,-1.992,50000.000,0.000,0.000,50000.000
40200583,-1.992,-1.992,50000.000,0.000,0.000,50000.000
40250583,-1.992,-1.992,50000.000,0.000,0.000,50000.000
40300583,-1.992,-1.992,50000.000,0.000,0.000,50000.000
40350583,-1.992,-1.992,50000.000,0.000,0.000,50000.000
40400583,-1.992,-1.992,50000.000,0.000,0.000,50000.000
40450583,-1.992,-1.992,50000.000,0.000,0.000,50000.000
40500584,-1.992,-1.992,50000.000,0.000,0.000,50000.000
40550583,-1.992,-1.992,50000.000,0.000,0.000,50000.000
40600583,-1.992,-1.992,50000.000,0.000,0.000,50000.000
40650584,-1.992,-1.992,50000.000,0.000,0.000,50000.000
40700583,-1.992,-1.992,50000.000,0.000,0.000,50000.000
40750583,-1.992,-1.992,50000.000,0.000,0.000,50000.000
40800583,-1.992,-1.992,50000.000,0.000,0.000,50000.000
40850583,-1.992,-1.992,50000.000,0.000,0.000,50000.000
40900583,-1.992,-1.992,50000.000,0.000,0.000,50000.000
40950583,-1.992,-1.992,50000.000,0.000,0.000,50000.000
41000583,-1.992,-1.992,50000.000,0.000,0.000,50000.000
41050583,-1.992,-1.992,50000.000,0.000,0.000,50000.000
41100583,-1.992,-1.992,50000.000,0.000,0.000,50000.000
41150583,-1.992,-1.992,50000.000,0.000,0.000,50000.000
41200583,-1.992,-1.992,50000.000,0.000,0.000,50000.000
41250583,-1.992,-1.992,50000.000,0.000,0.000,50000.000
41300583,-1.992,-1.992,50000.000,0.000,0.000,50000.000
41350583,-1.992,-1.992,50000.000,0.000,0.000,50000.000
41400583,-1.992,-1.992,50000.000,0.000,0.000,50000.000
41450583,-1.992,-1.992,50000.000,0.000,0.000,50000.000
41500583,-1.992,-1.992,50000.000,0.000,0.000,50000.000
41550583,-1.992,-1.992,50000.000,0.000,0.000,50000.000
41600583,-1.992,-1.992,50000.000,0.000,0.000,50000.000
41650583,-1.992,-1.992,50000.000,0.000,0.000,50000.000
41700583,-1.992,-1.992,50000.000,0.000,0.000,50000.000
41750583,-1.992,-1.992,50000.000,0.000,0.000,50000.000
41800583,-1.992,-1.992,50000.000,0.000,0.000,50000.000
41850583,-1.992,-1.992,50000.000,0.000,0.000,50000.000
41900583,-1.992,-1.992,50000.000,0.000,0.000,50000.000
41950583,-1.992,-1.992,50000.000,0.000,0.000,50000.000
42000583,-1.992,-1.992,50000.000,0.000,0.000,50000.000
42050583,-1.992,-1.992,50000.000,0.000,0.000,50000.000
42100583,-1.992,-1.992,50000.000,0.000,0.000,50000.000
42150583,-1.992,-1.992,50000.000,0.000,0.000,50000.000
42200583,-1.992,-1.992,50000.000,0.000,0.000,50000.000
42250583,-1.992,-1.992,50000.000,0.000,0.000,50000.000
42300583,-1.992,-1.992,50000.000,0.000,0.000,50000.000
42350583,-1.992,-1.992,50000.000,0.000,0.000,50000.000
42400583,-1.992,-1.992,50000.000,0.000,0.000,50000.000
42450583,-1.992,-1.992,50000.000,0.000,0.000,50000.000
42500583,-1.992,-1.992,50000.000,0.000,0.000,50000.000
42550583,-1.992,-1.992,50000.000,0.000,0.000,50000.000
42600583,-1.992,-1.992,50000.000,0.000,0.000,50000.000
42650583,-1.992,-1.992,50000.000,0.000,0.000,50000.000
42700583,-1.992,-1.992,50000.000,0.000,0.000,50000.000
42750583,-1.992,-1.992,50000.000,0.000,0.000,50000.000
42800583,-1.992,-1.992,50000.000,0.000,0.000,50000.000
42850583,-1.992,-1.992,50000.000,0.000,0.000,50000.000
42900583,-1.992,-1.992,50000.000,0.000,0.000,50000.000
42950583,-1.992,-1.992,50000.000,0.000,0.000,50000.000
43000583,-1.992,-1.992,50000.000,0.000,0.000,50000.000
43050583,-1.992,-1.992,50000.000,0.000,0.000,50000.000
43100583,-1.992,-1.992,50000.000,0.000,0.000,50000.000
43150583,-1.992,-1.992,50000.000,0.000,0.000,50000.000
43200583,-1.992,-1.992,50000.000,0.000,0.000,50000.000
43250583,-1.992,-1.992,50000.000,0.000,0.000,50000.000
43300583,-1.992,-1.992,50000.000,0.000,0.000,50000.000
43350583,-1.992,-1.992,50000.000,0.000,0.000,50000.000
43400583,-1.992,-1.992,50000.000,0.000,0.000,50000.000
43450583,-1.992,-1.992,50000.000,0.000,0.000,50000.000
43500583,-1.992,-1.992,50000.000,0.000,0.000,50000.000
43550583,-1.992,-1.992,50000.000,0.000,0.000,50000.000
43600583,-1.992,-1.992,50000.000,0.000,0.000,50000.000
43650583,-1.992,-1.992,50000.000,0.000,0.000,50000.000
43700583,-1.992,-1.992,50000.000,0.000,0.000,50000.000
43750583,-1.992,-1.992,50000.000,0.000,0.000,50000.000
43800584,-1.992,-1.992,50000.000,0.000,0.000,50000.000
43850583,-1.992,-1.992,50000.000,0.000,0.000,50000.000
43900583,-1.992,-1.992,50000.000,0.000,0.000,50000.000
43950583,-1.992,-1.992,50000.000,0.000,0.000,50000.000
44000583,-1.992,-1.992,50000.000,0.000,0.000,50000.000
44050583,-1.992,-1.992,50000.000,0.000,0.000,50000.000
44100583,-1.992,-1.992,50000.000,0.000,0.000,50000.000
44150583,-1.992,-1.992,50000.000,0.000,0.000,50000.000
44200583,-1.992,-1.992,50000.000,0.000,0.000,50000.000
44250583,-1.992,-1.992,50000.000,0.000,0.000,50000.000
44300583,-1.992,-1.992,50000.000,0.000,0.000,50000.000
44350583,-1.992,-1.992,50000.000,0.000,0.000,50000.000
44400583,-1.992,-1.992,50000.000,0.000,0.000,50000.000
44450583,-1.992,-1.992,50000.000,0.000,0.000,50000.000
44500583,-1.992,-1.992,50000.000,0.000,0.000,50000.000
44550583,-1.992,-1.992,50000.000,0.000,0.000,50000.000
44600583,-1.992,-1.992,50000.000,0.000,0.000,50000.000
44650583,0.000,0.000,50000.000,0.000,0.000,50000.000
44700488,0.000,0.000,50000.000,0.000,0.000,50000.000
44750488,0.000,0.000,50000.000,0.000,0.000,50000.000
44800489,0.000,0.000,50000.000,0.000,0.000,50000.000
44850488,0.000,0.000,50000.000,0.000,0.000,50000.000
44900489,0.000,0.000,50000.000,0.000,0.000,50000.000
44950489,0.000,0.000,50000.000,0.000,0.000,50000.000
45000489,0.000,0.000,50000.000,239.059,0.000,50000.000
45050552,-1.992,-1.992,50000.000,0.000,0.000,50000.000
45100583,0.000,0.000,50000.000,0.000,0.000,50000.000
45150488,0.000,0.000,50000.000,-1531.470,-1531.470,50000.000
45200637,0.000,0.000,50000.000,0.000,0.000,50000.000
45250489,0.000,0.000,50000.000,0.000,0.000,50000.000
45300488,0.000,0.000,50000.000,0.000,0.000,50000.000
45350488,-1.992,-1.992,50000.000,0.000,0.000,50000.000
45400583,-1.992,-1.992,50000.000,0.000,0.000,50000.000
45450583,-1.992,-1.992,50000.000,0.000,0.000,50000.000
45500583,-1.992,-1.992,50000.000,0.000,0.000,50000.000
45550583,-1.992,-1.992,50000.000,0.000,0.000,50000.000
45600583,-1.992,-1.992,50000.000,0.000,0.000,50000.000
45650583,-1.992,-1.992,50000.000,0.000,0.000,50000.000
45700583,-1.992,-1.992,50000.000,0.000,0.000,50000.000
45750584,-1.992,-1.992,50000.000,0.000,0.000,50000.000
45800583,-1.992,-1.992,50000.000,0.000,0.000,50000.000
45850583,-1.992,-1.992,50000.000,0.000,0.000,50000.000
45900583,-1.992,-1.992,50000.000,0.000,0.000,50000.000
45950583,-1.992,-1.992,50000.000,0.000,0.000,50000.000
46000583,-1.992,-1.992,50000.000,0.000,0.000,50000.000
46050583,-1.992,-1.992,50000.000,0.000,0.000,50000.000
46100583,-1.992,-1.992,50000.000,0.000,0.000,50000.000
46150583,-1.992,-1.992,50000.000,0.000,0.000,50000.000
46200583,-1.992,-1.992,50000.000,0.000,0.000,50000.000
46250583,0.000,0.000,50000.000,0.000,0.000,50000.000
46300489,0.000,0.000,50000.000,0.000,0.000,50000.000
46350488,0.000,0.000,50000.000,0.000,0.000,50000.000
46400489,0.000,0.000,50000.000,0.000,0.000,50000.000
46450488,-1.992,-1.992,50000.000,0.000,0.000,50000.000
46500583,-1.992,-1.992,50000.000,0.000,0.000,50000.000
46550583,-1.992,-1.992,50000.000,0.000,0.000,50000.000
46600583,-1.992,-1.992,50000.000,0.000,0.000,50000.000
46650583,-1.992,-1.992,50000.000,0.000,0.000,50000.000
46700583,-1.992,-1.992,50000.000,0.000,0.000,50000.000
46750583,-1.992,-1.992,50000.000,0.000,0.000,50000.000
46800583,-1.992,-1.992,50000.000,0.000,0.000,50000.000
46850583,-1.992,-1.992,50000.000,0.000,0.000,50000.000
46900583,-1.992,-1.992,50000.000,0.000,0.000,50000.000
46950583,-1.992,-1.992,50000.000,0.000,0.000,50000.000
47000583,-1.992,-1.992,50000.000,0.000,0.000,50000.000
47050583,-1.992,-1.992,50000.000,0.000,0.000,50000.000
47100583,-1.992,-1.992,50000.000,0.000,0.000,50000.000
47150583,-1.992,-1.992,50000.000,0.000,0.000,50000.000
47200583,-1.992,-1.992,50000.000,0.000,0.000,50000.000
47250583,-1.992,-1.992,50000.000,0.000,0.000,50000.000
47300583,-1.992,-1.992,50000.000,0.000,0.000,50000.000
47350583,-1.992,-1.992,50000.000,0.000,0.000,50000.000
47400583,-1.992,-1.992,50000.000,0.000,0.000,50000.000
47450583,-1.992,-1.992,50000.000,0.000,0.000,50000.000
47500583,-1.992,-1.992,50000.000,0.000,0.000,50000.000
47550583,-1.992,-1.992,50000.000,0.000,0.000,50000.000
47600583,-1.992,-1.992,50000.000,0.000,0.000,50000.000
47650583,-1.992,-1.992,50000.000,0.000,0.000,50000.000
47700583,-1.992,-1.992,50000.000,0.000,0.000,50000.000
47750583,-1.992,-1.992,50000.000,0.000,0.000,50000.000
47800583,-1.992,-1.992,50000.000,0.000,0.000,50000.000
47850583,-1.992,-1.992,50000.000,0.000,0.000,50000.000
47900583,-1.992,-1.992,50000.000,0.000,0.000,50000.000
47950583,-1.992,-1.992,50000.000,0.000,0.000,50000.000
48000583,-1.992,-1.992,50000.000,0.000,0.000,50000.000
48050583,-1.992,-1.992,50000.000,0.000,0.000,50000.000
48100583,-1.992,-1.992,50000.000,0.000,0.000,50000.000
48150583,-1.992,-1.992,50000.000,0.000,0.000,50000.000
48200583,-1.992,-1.992,50000.000,0.000,0.000,50000.000
48250583,-1.992,-1.992,50000.000,0.000,0.000,50000.000
48300583,-1.992,-1.992,50000.000,0.000,0.000,50000.000
48350583,-1.992,-1.992,50000.000,0.000,0.000,50000.000
48400583,-1.992,-1.992,50000.000,0.000,0.000,50000.000
48450583,-1.992,-1.992,50000.000,0.000,0.000,50000.000
48500583,-1.992,-1.992,50000.000,0.000,0.000,50000.000
48550583,-1.992,-1.992,50000.000,0.000,0.000,50002.000
48600598,-1.992,-1.992,50000.000,0.000,0.000,50000.000
48650584,-1.992,-1.992,50000.000,0.000,0.000,50000.000
48700583,-1.992,-1.992,50000.000,0.000,0.000,50000.000
48750583,-1.992,-1.992,50000.000,0.000,0.000,50000.000
48800583,-1.992,-1.992,50000.000,0.000,0.000,50000.000
48850583,-1.992,-1.992,50000.000,0.000,0.000,50000.000
48900583,-1.992,-1.992,50000.000,0.000,0.000,50000.000
48950583,-1.992,-1.992,50000.000,0.000,0.000,50000.000
49000583,-1.992,-1.992,50000.000,0.000,0.000,50000.000
49050583,-1.992,-1.992,50000.000,0.000,0.000,50000.000
49100584,-1.992,-1.992,50000.000,0.000,0.000,50000.000
49150584,-1.992,-1.992,50000.000,0.000,0.000,50000.000
49200583,0.000,0.000,50000.000,0.000,0.000,50000.000
49250489,0.000,0.000,50000.000,0.000,0.000,50000.000
49300489,-1.992,-1.992,50000.000,0.000,0.000,50000.000
49350583,-1.992,-1.992,50000.000,0.000,0.000,50000.000
49400584,-1.992,-1.992,50000.000,0.000,0.000,50000.000
49450584,-1.992,-1.992,50000.000,0.000,0.000,50000.000
49500583,-1.992,-1.992,50000.000,0.000,0.000,50000.000
49550583,-1.992,-1.992,50000.000,0.000,0.000,50000.000
49600583,-1.992,-1.992,50000.000,0.000,0.000,50000.000
49650584,-1.992,-1.992,50000.000,0.000,0.000,50000.000
49700584,-1.992,-1.992,50000.000,0.000,0.000,50000.000
49750583,-1.992,-1.992,50000.000,0.000,0.000,50000.000
49800583,-1.992,-1.992,50000.000,0.000,0.000,50000.000
49850583,-1.992,-1.992,50000.000,0.000,0.000,50000.000
49900583,-1.992,-1.992,50000.000,0.000,0.000,50000.000
49950583,-1.992,-1.992,50000.000,0.000,0.000,50000.000
50000583,-1.992,-1.992,50000.000,0.000,0.000,50000.000
50050583,-1.992,-1.992,50000.000,0.000,0.000,50000.000
50100583,-1.992,-1.992,50000.000,0.000,0.000,50000.000
50150584,-1.992,-1.992,50000.000,0.000,0.000,50000.000
50200583,-1.992,-1.992,50000.000,0.000,0.000,50000.000
50250584,-1.992,-1.992,50000.000,0.000,0.000,50000.000
50300583,-1.992,-1.992,50000.000,0.000,0.000,50000.000
50350583,-1.992,-1.992,50000.000,0.000,0.000,50000.000
50400583,-1.992,-1.992,50000.000,0.000,0.000,50000.000
50450584,-1.992,-1.992,50000.000,0.000,0.000,50000.000
50500583,-1.992,-1.992,50000.000,0.000,0.000,50000.000
50550583,-1.992,-1.992,50000.000,0.000,0.000,50000.000
50600583,-1.992,-1.992,50000.000,0.000,0.000,50000.000
50650583,-1.992,-1.992,50002.000,0.000,0.000,50000.000
50700598,-1.992,-1.992,49999.000,0.000,0.000,50000.000
50750604,-1.992,-1.992,49999.000,0.000,0.000,49998.000
50800628,-1.992,-1.992,50000.000,0.000,0.000,50000.000
50850582,-1.992,-1.992,50000.000,0.000,0.000,50000.000
50900581,-1.992,-1.992,50000.000,0.000,0.000,50000.000
50950582,-1.992,-1.992,50000.000,0.000,0.000,50000.000
51000582,-1.992,-1.992,50000.000,0.000,0.000,50000.000
51050581,-1.992,-1.992,50000.000,0.000,0.000,50000.000
51100582,-1.992,-1.992,50000.000,0.000,0.000,50000.000
51150581,-1.992,-1.992,50000.000,0.000,0.000,50000.000
51200582,-1.992,-1.992,50000.000,0.000,0.000,50000.000
51250581,-1.992,-1.992,50000.000,0.000,0.000,50000.000
51300581,-1.992,-1.992,50000.000,0.000,0.000,50000.000
51350582,-1.992,-1.992,50000.000,0.000,0.000,50000.000
51400581,-1.992,-1.992,50000.000,0.000,0.000,50000.000
51450582,-1.992,-1.992,50000.000,0.000,0.000,50000.000
51500581,-1.992,-1.992,50000.000,0.000,0.000,50000.000
51550581,-1.992,-1.992,50000.000,0.000,0.000,50000.000
51600582,-1.992,-1.992,50000.000,0.000,0.000,50000.000
51650581,-1.992,-1.992,50000.000,0.000,0.000,50000.000
51700581,-1.992,-1.992,50000.000,0.000,0.000,50000.000
51750581,-1.992,-1.992,50000.000,0.000,0.000,50000.000
51800582,0.000,0.000,50000.000,0.000,0.000,50000.000
51850487,0.000,0.000,50000.000,0.000,0.000,50000.000
51900487,0.000,0.000,50000.000,0.000,0.000,50000.000
51950487,0.000,0.000,50000.000,0.000,0.000,50000.000
52000487,0.000,0.000,50000.000,0.000,0.000,50000.000
52050487,0.000,0.000,50000.000,0.000,0.000,50000.000
52100487,0.000,0.000,50000.000,0.000,0.000,50000.000
52150487,0.000,0.000,50000.000,0.000,0.000,50000.000
52200487,0.000,0.000,50000.000,0.000,0.000,50000.000
52250487,0.000,0.000,50000.000,0.000,0.000,50000.000
52300487,0.000,0.000,50000.000,0.000,0.000,50000.000
52350487,0.000,0.000,50000.000,0.000,0.000,50000.000
52400487,0.000,0.000,50000.000,0.000,0.000,50000.000
52450487,0.000,0.000,50000.000,0.000,0.000,50000.000
52500487,0.000,0.000,50000.000,0.000,0.000,50000.000
52550487,0.000,0.000,50000.000,0.000,0.000,50000.000
52600487,0.000,0.000,50000.000,0.000,0.000,50000.000
52650487,0.000,0.000,50000.000,0.000,0.000,50000.000
52700487,0.000,0.000,50000.000,0.000,0.000,50000.000
52750487,-1.992,-1.992,50000.000,0.000,0.000,50000.000
52800581,-1.992,-1.992,50000.000,0.000,0.000,50000.000
52850582,-1.992,-1.992,50000.000,0.000,0.000,50000.000
52900581,-1.992,-1.992,50000.000,0.000,0.000,50000.000
52950582,-1.992,-1.992,50000.000,0.000,0.000,50000.000
53000582,-1.992,-1.992,50000.000,0.000,0.000,50000.000
53050582,-1.992,-1.992,50000.000,0.000,0.000,50000.000
53100581,-1.992,-1.992,50000.000,0.000,0.000,50000.000
53150581,-1.992,-1.992,50000.000,0.000,0.000,50000.000
53200582,-1.992,-1.992,50000.000,0.000,0.000,50000.000
53250582,-1.992,-1.992,50000.000,0.000,0.000,50000.000
53300582,-1.992,-1.992,50000.000,0.000,0.000,50000.000
53350581,-1.992,-1.992,50000.000,0.000,0.000,50000.000
53400581,-1.992,-1.992,50000.000,0.000,0.000,50000.000
53450581,-1.992,-1.992,50000.000,0.000,0.000,50000.000
53500582,-1.992,-1.992,50000.000,0.000,0.000,50000.000
53550581,-1.992,-1.992,50000.000,0.000,0.000,50000.000
53600582,-1.992,-1.992,50000.000,0.000,0.000,50000.000
53650582,-1.992,-1.992,50000.000,0.000,0.000,50000.000
53700581,-1.992,-1.992,50000.000,0.000,0.000,50000.000
53750581,-1.992,-1.992,50000.000,0.000,0.000,50000.000
53800581,-1.992,-1.992,50000.000,0.000,0.000,50000.000
53850582,-1.992,-1.992,50000.000,0.000,0.000,50000.000
53900581,-1.992,-1.992,50000.000,0.000,0.000,50000.000
53950582,-1.992,-1.992,50000.000,0.000,0.000,50000.000
54000581,-1.992,-1.992,50000.000,0.000,0.000,50000.000
54050581,-1.992,-1.992,50000.000,0.000,0.000,50000.000
54100582,-1.992,-1.992,50000.000,0.000,0.000,50000.000
54150581,-1.992,-1.992,50000.000,0.000,0.000,50000.000
54200582,0.000,0.000,50000.000,0.000,0.000,50000.000
54250487,0.000,0.000,50000.000,0.000,0.000,50000.000
54300487,0.000,0.000,50000.000,0.000,0.000,50000.000
54350487,0.000,0.000,50000.000,0.000,0.000,50000.000
54400487,0.000,0.000,50000.000,0.000,0.000,50000.000
54450487,0.000,0.000,50000.000,0.000,0.000,50000.000
54500487,0.000,0.000,50000.000,0.000,0.000,50000.000
54550487,0.000,0.000,50000.000,0.000,0.000,50000.000
54600487,-1.992,-1.992,50000.000,0.000,0.000,50000.000
54650581,-1.992,-1.992,50000.000,0.000,0.000,50000.000
54700581,-1.992,-1.992,50000.000,0.000,0.000,50000.000
54750582,-1.992,-1.992,50000.000,0.000,0.000,50000.000
54800581,-1.992,-1.992,50000.000,0.000,0.000,50000.000
54850582,-1.992,-1.992,50000.000,0.000,0.000,50000.000
54900581,-1.992,-1.992,50000.000,0.000,0.000,50000.000
54950582,-1.992,-1.992,50000.000,0.000,0.000,50000.000
55000582,-1.992,-1.992,50000.000,0.000,0.000,50000.000
55050581,-1.992,-1.992,50000.000,0.000,0.000,50000.000
55100582,-1.992,-1.992,50000.000,0.000,0.000,50000.000
55150581,-1.992,-1.992,50000.000,0.000,0.000,50000.000
55200581,-1.992,-1.992,50000.000,0.000,0.000,50000.000
55250581,-1.992,-1.992,50000.000,0.000,0.000,50000.000
55300582,-1.992,-1.992,50000.000,0.000,0.000,50000.000
55350581,-1.992,-1.992,50000.000,0.000,0.000,50000.000
55400581,-1.992,-1.992,50000.000,0.000,0.000,50000.000
55450581,-1.992,-1.992,50000.000,0.000,0.000,50000.000
55500582,-1.992,-1.992,50000.000,0.000,0.000,50000.000
55550582,-1.992,-1.992,50000.000,0.000,0.000,50000.000
55600582,-1.992,-1.992,50000.000,0.000,0.000,50000.000
55650581,-1.992,-1.992,50000.000,0.000,0.000,50000.000
55700581,-1.992,-1.992,50000.000,0.000,0.000,50000.000
55750581,-1.992,-1.992,50000.000,0.000,0.000,50000.000
55800581,-1.992,-1.992,50000.000,0.000,0.000,50000.000
55850581,-1.992,-1.992,50000.000,0.000,0.000,50000.000
55900581,-1.992,-1.992,50000.000,0.000,0.000,50000.000
55950582,-1.992,-1.992,50000.000,0.000,0.000,50000.000
56000581,-1.992,-1.992,50000.000,0.000,0.000,50000.000
56050582,-1.992,-1.992,50000.000,0.000,0.000,50000.000
56100581,-1.992,-1.992,50000.000,0.000,0.000,50000.000
56150582,-1.992,-1.992,50000.000,0.000,0.000,50000.000
56200581,-1.992,-1.992,50000.000,0.000,0.000,50000.000
56250582,-1.992,-1.992,50000.000,0.000,0.000,50000.000
56300581,-1.992,-1.992,50000.000,0.000,0.000,50000.000
56350581,-1.992,-1.992,50000.000,0.000,0.000,50000.000
56400582,-1.992,-1.992,50000.000,0.000,0.000,50000.000
56450581,-1.992,-1.992,50000.000,0.000,0.000,50000.000
56500582,-1.992,-1.992,50000.000,0.000,0.000,50000.000
56550582,-1.992,-1.992,50000.000,0.000,0.000,50000.000
56600582,-1.992,-1.992,50000.000,0.000,0.000,50000.000
56650581,-1.992,-1.992,50000.000,0.000,0.000,50000.000
56700582,-1.992,-1.992,50000.000,0.000,0.000,50000.000
56750581,-1.992,-1.992,50000.000,0.000,0.000,50000.000
56800582,-1.992,-1.992,50000.000,0.000,0.000,50000.000
56850581,-1.992,-1.992,50000.000,0.000,0.000,50000.000
56900582,-1.992,-1.992,50000.000,0.000,0.000,50000.000
56950581,-1.992,-1.992,50000.000,0.000,0.000,50000.000
57000581,-1.992,-1.992,50000.000,0.000,0.000,50000.000
57050581,-1.992,-1.992,50000.000,0.000,0.000,50000.000
57100581,-1.992,-1.992,50000.000,0.000,0.000,50000.000
57150582,-1.992,-1.992,50000.000,0.000,0.000,50000.000
57200581,-1.992,-1.992,50000.000,0.000,0.000,50000.000
57250581,-1.992,-1.992,50000.000,0.000,0.000,50000.000
57300581,-1.992,-1.992,50000.000,0.000,0.000,50000.000
57350582,-1.992,-1.992,50000.000,0.000,0.000,50000.000
57400581,-1.992,-1.992,50000.000,0.000,0.000,50000.000
57450582,-1.992,-1.992,50000.000,0.000,0.000,50000.000
57500582,-1.992,-1.992,50000.000,0.000,0.000,50000.000
57550582,-1.992,-1.992,50000.000,0.000,0.000,50000.000
57600582,-1.992,-1.992,50000.000,0.000,0.000,50000.000
57650582,-1.992,-1.992,50000.000,0.000,0.000,50000.000
57700581,-1.992,-1.992,50000.000,0.000,0.000,50000.000
57750582,-1.992,-1.992,50000.000,0.000,0.000,50000.000
57800581,-1.992,-1.992,50000.000,0.000,0.000,50000.000
57850581,-1.992,-1.992,50000.000,0.000,0.000,50000.000
57900581,-1.992,-1.992,50000.000,0.000,0.000,50000.000
57950581,-1.992,-1.992,50000.000,0.000,0.000,50000.000
58000581,-1.992,-1.992,50000.000,0.000,0.000,50000.000
58050581,-1.992,-1.992,50000.000,0.000,0.000,50000.000
58100582,-1.992,-1.992,50000.000,0.000,0.000,50000.000
58150581,-1.992,-1.992,50000.000,0.000,0.000,50000.000
58200581,-1.992,-1.992,50000.000,0.000,0.000,50000.000
58250581,-1.992,-1.992,50000.000,0.000,0.000,50000.000
58300582,-1.992,-1.992,50000.000,0.000,0.000,50000.000
58350581,-1.992,-1.992,50000.000,0.000,0.000,50000.000
58400581,-1.992,-1.992,50000.000,0.000,0.000,50000.000
58450581,-1.992,-1.992,50000.000,0.000,0.000,50000.000
58500582,-1.992,-1.992,50000.000,0.000,0.000,50000.000
58550581,-1.992,-1.992,50000.000,0.000,0.000,50000.000
58600582,-1.992,-1.992,50000.000,0.000,0.000,50000.000
58650581,-1.992,-1.992,50000.000,0.000,0.000,50000.000
58700581,-1.992,-1.992,50000.000,0.000,0.000,50000.000
58750581,-1.992,-1.992,50000.000,0.000,0.000,50000.000
58800582,-1.992,-1.992,50000.000,0.000,0.000,50000.000
58850581,-1.992,-1.992,50000.000,0.000,0.000,50000.000
58900581,-1.992,-1.992,50000.000,0.000,0.000,50000.000
58950582,-1.992,-1.992,50000.000,0.000,0.000,50000.000
59000581,-1.992,-1.992,50000.000,0.000,0.000,50000.000
59050581,-1.992,-1.992,50000.000,0.000,0.000,50000.000
59100581,-1.992,-1.992,50000.000,0.000,0.000,50000.000
59150582,-1.992,-1.992,50000.000,0.000,0.000,50000.000
59200581,-1.992,-1.992,50000.000,0.000,0.000,50000.000
59250582,-1.992,-1.992,50000.000,0.000,0.000,50000.000
59300581,-1.992,-1.992,50000.000,0.000,0.000,50000.000
59350582,-1.992,-1.992,50000.000,0.000,0.000,50000.000
59400581,-1.992,-1.992,50000.000,0.000,0.000,50000.000
59450581,-1.992,-1.992,50000.000,0.000,0.000,50000.000
59500581,-1.992,-1.992,50000.000,0.000,0.000,50000.000
59550581,-1.992,-1.992,50000.000,0.000,0.000,50000.000
59600582,-1.992,-1.992,50000.000,0.000,0.000,50000.000
59650582,-1.992,-1.992,50000.000,0.000,0.000,50000.000
59700581,-1.992,-1.992,50000.000,0.000,0.000,50000.000
59750582,-1.992,-1.992,50000.000,0.000,0.000,50000.000
59800581,-1.992,-1.992,50000.000,0.000,0.000,50000.000
59850581,-1.992,-1.992,50000.000,0.000,0.000,50000.000
59900581,-1.992,-1.992,50000.000,0.000,0.000,50000.000
59950582,-1.992,-1.992,50000.000,0.000,0.000,50000.000
