timestamp[us],left_dx[um],left_dy[um],left_dt[us],right_dx[um],right_dy[um],right_dt[us]
1,,,50153.000,,,50153.000
50452,,,50000.000,,,50000.000
100408,,,50000.000,,,50000.000
150410,,,50000.000,,,50000.000
200410,,,50000.000,,,50000.000
250410,,,50000.000,,,50000.000
300410,,,50000.000,,,50000.000
350410,,,50000.000,,,50000.000
400410,,,50000.000,,,50000.000
450410,,,50000.000,,,50000.000
500410,,,50000.000,,,50000.000
550410,,,50000.000,,,50000.000
600410,,,50000.000,,,50000.000
650410,,,50000.000,,,50000.000
700410,,,50000.000,,,50000.000
750410,,,50000.000,,,50000.000
800410,,,50000.000,,,50000.000
850410,,,50000.000,,,50000.000
900410,,,50000.000,,,50000.000
950410,,,50000.000,,,50000.000
1000410,,,50000.000,,,50000.000
1050410,,,50000.000,,,50000.000
1100410,,,50000.000,,,50000.000
1150410,,,50000.000,,,50000.000
1200410,,,50000.000,,,50000.000
1250410,,,50000.000,,,50000.000
1300410,,,50000.000,,,50000.000
1350410,,,50000.000,,,50000.000
1400410,,,50000.000,,,50000.000
1450410,,,50000.000,,,50000.000
1500410,,,50000.000,,,50000.000
1550410,,,50000.000,,,50000.000
1600410,,,50000.000,,,50000.000
1650410,,,50000.000,,,50000.000
1700410,,,50000.000,,,50000.000
1750410,,,50000.000,,,50000.000
1800410,,,50000.000,,,50000.000
1850410,,,50000.000,,,50000.000
1900410,,,50000.000,,,50000.000
1950410,,,50000.000,,,50000.000
2000410,,,50000.000,,,50000.000
2050410,,,50000.000,,,50000.000
2100410,,,50000.000,,,50000.000
2150410,,,50000.000,,,50000.000
2200410,,,50000.000,,,50000.000
2250410,,,50000.000,,,50000.000
2300410,,,50000.000,,,50000.000
2350410,,,50000.000,,,50000.000
2400410,,,50000.000,,,50000.000
2450410,,,50000.000,,,50000.000
2500410,,,50000.000,,,50000.000
2550410,,,50000.000,,,50000.000
2600410,,,50000.000,,,50000.000
2650410,,,50000.000,,,50000.000
2700410,,,50000.000,,,50000.000
2750410,,,50000.000,,,50000.000
2800410,,,50000.000,,,50000.000
2850410,,,50000.000,,,50000.000
2900410,,,50000.000,,,50000.000
2950410,,,50000.000,,,50000.000
3000410,,,50000.000,,,50000.000
3050410,,,50000.000,,,50000.000
3100410,,,50000.000,,,50000.000
3150410,,,50000.000,,,50000.000
3200410,,,50000.000,,,50000.000
3250410,,,50000.000,,,50000.000
3300410,,,50000.000,,,50000.000
3350410,,,50000.000,,,50000.000
3400410,,,50000.000,,,50000.000
3450410,,,50000.000,,,50000.000
3500410,,,50000.000,,,50000.000
3550410,,,50000.000,,,50000.000
3600410,,,50000.000,,,50000.000
3650410,,,50000.000,,,50000.000
3700410,,,50000.000,,,50000.000
3750410,,,50000.000,,,50000.000
3800410,,,50000.000,,,50000.000
3850410,,,50000.000,,,50000.000
3900410,,,50000.000,,,50000.000
3950410,,,50000.000,,,50000.000
4000410,,,50000.000,,,50000.000
4050410,,,50000.000,,,50000.000
4100410,,,50000.000,,,50000.000
4150410,,,50000.000,,,50000.000
4200410,,,50000.000,,,50000.000
4250410,,,50000.000,,,50000.000
4300410,,,50000.000,,,50000.000
4350410,,,50000.000,,,50000.000
4400410,,,50000.000,,,50000.000
4450410,,,50000.000,,,50000.000
4500410,,,50000.000,,,50000.000
4550410,,,50000.000,,,50000.000
4600410,,,50000.000,,,50000.000
4650410,,,50000.000,,,50000.000
4700410,,,50000.000,,,50000.000
4750410,,,50000.000,,,50000.000
4800410,,,50000.000,,,50000.000
4850410,,,50000.000,,,50000.000
4900410,,,50000.000,,,50000.000
4950410,,,50000.000,,,50000.000
5000410,,,50000.000,,,50000.000
5050410,,,50000.000,,,50000.000
5100410,,,50000.000,,,50000.000
5150410,,,50000.000,,,50000.000
5200410,,,50000.000,,,50000.000
5250410,,,50000.000,,,50000.000
5300410,,,50000.000,,,50000.000
5350410,,,50000.000,,,50000.000
5400410,,,50000.000,,,50000.000
5450410,,,50000.000,,,50000.000
5500410,,,50000.000,,,50000.000
5550410,,,50000.000,,,50000.000
5600410,,,50000.000,,,50000.000
5650410,,,50000.000,,,50000.000
5700410,,,50000.000,,,50000.000
5750410,,,50000.000,,,50000.000
5800410,,,50000.000,,,50000.000
5850410,,,50000.000,,,50000.000
5900410,,,50000.000,,,50000.000
