timestamp[us],left_dx[um],left_dy[um],left_dt[us],right_dx[um],right_dy[um],right_dt[us]
1,,,50153.000,,,50155.000
50450,,,50000.000,,,50000.000
100410,,,50000.000,,,50000.000
150412,,,50000.000,,,50000.000
200412,,,50000.000,,,50000.000
250412,,,50000.000,,,50000.000
300412,,,50000.000,,,50000.000
350412,,,50000.000,,,50000.000
400412,,,50000.000,,,50000.000
450412,,,50000.000,,,50000.000
500412,,,50000.000,,,50000.000
550412,,,50000.000,,,50000.000
600412,,,50000.000,,,50000.000
650412,,,50000.000,,,50000.000
700412,,,50000.000,,,50000.000
750412,,,50000.000,,,50000.000
800412,,,50000.000,,,50000.000
850412,,,50000.000,,,50000.000
900412,,,50000.000,,,50000.000
950412,,,50000.000,,,50000.000
1000412,,,50000.000,,,50000.000
1050412,,,50000.000,,,50000.000
1100412,,,50000.000,,,50000.000
1150412,,,50000.000,,,50000.000
1200412,,,50000.000,,,50000.000
1250412,,,50000.000,,,50000.000
1300412,,,50000.000,,,50000.000
1350412,,,50000.000,,,50000.000
1400412,,,50000.000,,,50000.000
1450412,,,50000.000,,,50000.000
1500412,,,50000.000,,,50000.000
1550412,,,50000.000,,,50000.000
1600412,,,50000.000,,,50000.000
1650412,,,50000.000,,,50000.000
1700412,,,50000.000,,,50000.000
1750412,,,50000.000,,,50000.000
1800412,,,50000.000,,,50000.000
1850412,,,50000.000,,,50000.000
1900412,,,50000.000,,,50000.000
1950412,,,50000.000,,,50000.000
2000412,,,50000.000,,,50000.000
2050412,,,50000.000,,,50000.000
2100412,,,50000.000,,,50000.000
2150412,,,50000.000,,,50000.000
2200412,,,50000.000,,,50000.000
2250412,,,50000.000,,,50000.000
2300412,,,50000.000,,,50000.000
2350412,,,50000.000,,,50000.000
2400412,,,50000.000,,,50000.000
2450412,,,50000.000,,,50000.000
2500412,,,50000.000,,,50000.000
2550412,,,50000.000,,,50000.000
2600412,,,50000.000,,,50000.000
2650412,,,50000.000,,,50000.000
2700412,,,50000.000,,,50000.000
2750412,,,50002.000,,,50000.000
2800427,,,50000.000,,,50000.000
2850412,,,49999.000,,,50000.000
2900434,,,50000.000,,,49999.000
2950434,,,49999.000,,,49999.000
3000454,,,50000.000,,,50000.000
3050410,,,50000.000,,,50000.000
3100410,,,50000.000,,,50000.000
3150410,,,50000.000,,,50000.000
3200410,,,50000.000,,,50000.000
3250410,,,50000.000,,,50000.000
3300410,,,50000.000,,,50000.000
3350410,,,50000.000,,,50000.000
3400410,,,50000.000,,,50000.000
3450410,,,50000.000,,,50000.000
3500410,,,50000.000,,,50000.000
3550410,,,50000.000,,,50000.000
3600410,,,50000.000,,,50000.000
3650410,,,50000.000,,,50000.000
3700410,,,50000.000,,,50000.000
3750410,,,50000.000,,,50000.000
3800410,,,50000.000,,,50000.000
3850410,,,50000.000,,,50000.000
3900410,,,50000.000,,,50000.000
3950410,,,50000.000,,,50000.000
4000410,,,50000.000,,,50000.000
4050410,,,50000.000,,,50000.000
4100410,,,50000.000,,,50000.000
4150410,,,50000.000,,,50000.000
4200410,,,50000.000,,,50000.000
4250410,,,50000.000,,,50000.000
4300410,,,50000.000,,,50000.000
4350410,,,50000.000,,,50000.000
4400410,,,50000.000,,,50000.000
4450410,,,50000.000,,,50000.000
4500410,,,50000.000,,,50000.000
4550410,,,50000.000,,,50000.000
4600410,,,50000.000,,,50000.000
4650410,,,50000.000,,,50000.000
4700410,,,50000.000,,,50000.000
4750410,,,50000.000,,,50000.000
4800410,,,50000.000,,,50000.000
4850410,,,50000.000,,,50000.000
4900410,,,50000.000,,,50000.000
4950410,,,50000.000,,,50000.000
5000410,,,50000.000,,,50000.000
5050410,,,50000.000,,,50000.000
5100410,,,50000.000,,,50000.000
5150410,,,50000.000,,,50000.000
5200410,,,50000.000,,,50000.000
5250410,,,50000.000,,,50000.000
5300410,,,50000.000,,,50000.000
