timestamp[us],left_dx[um],left_dy[um],left_dt[us],right_dx[um],right_dy[um],right_dt[us]
1,0.000,0.000,50160.000,37.353,0.000,50153.000
50586,12274.176,642.471,50000.000,15299.764,1815.353,50000.000
100779,17294.410,956.235,50000.000,18937.939,3376.706,50000.000
150788,20282.646,1441.823,50000.000,20305.057,5550.646,50000.000
200793,24637.998,455.706,50000.000,22934.705,5020.235,50000.000
250781,26124.645,410.882,50000.000,24944.293,4960.470,50000.000
300782,26595.293,134.471,50000.000,25093.705,3810.000,50001.000
350794,26692.410,-321.235,50000.000,26206.822,2883.647,49999.000
400816,26550.469,-567.765,50000.000,26236.705,2921.000,50000.000
450786,25653.998,-1150.470,50000.000,25945.352,1942.353,50000.000
500797,23651.881,-986.118,50000.000,23875.998,2876.176,50000.000
550789,21814.115,156.882,50000.000,21126.822,4198.470,50000.000
600793,18146.057,-1307.353,50000.000,19490.764,3496.235,50000.000
650792,12647.705,-2091.765,50000.000,15411.822,283.882,50000.000
700789,6992.470,-971.176,50000.000,9151.470,-1397.000,50000.000
750779,2330.823,-395.941,50000.000,2823.882,463.176,50000.000
800771,-2315.882,254.000,50000.000,-3944.470,1628.588,50000.000
850782,-8404.411,-119.529,50000.000,-9539.940,373.529,50000.000
900779,-12714.940,-74.706,50000.000,-14440.646,-209.176,50000.000
950784,-16988.117,881.529,50000.000,-19393.646,22.412,50000.000
1000783,-20559.057,89.647,50000.000,-22127.881,-246.529,50000.000
1050777,-22224.998,-1546.412,50000.000,-23487.527,-709.706,50000.000
1100797,-21918.705,-5050.117,50000.000,-22852.527,-74.706,50000.000
1150789,-18728.764,-4878.294,50000.000,-21829.057,1023.471,50001.000
1200808,-19363.764,-2853.764,50000.000,-22000.881,366.059,49999.000
1250806,-20327.469,-2719.294,50000.000,-21597.469,-224.118,50000.000
1300792,-19348.822,-1120.588,50000.000,-21194.057,-702.235,50000.000
1350799,-19087.352,-1202.765,50000.000,-20290.117,-2032.000,50000.000
1400792,-18661.527,-2457.823,50000.000,-19094.822,-5685.117,50000.000
1450811,-16704.234,-3735.294,50000.000,-17548.410,-5983.941,50000.000
1500800,-14470.528,-2099.235,50000.000,-14709.587,-5363.882,50000.000
1550801,-12154.646,-605.118,50000.000,-13080.999,-3563.470,50000.000
1600796,-9861.176,-821.765,50000.000,-11317.940,-1651.000,50000.000
1650787,-4803.588,-1389.529,50000.000,-8359.588,-1531.470,50000.000
1700791,-4557.059,-724.647,50000.000,-6335.059,-3130.176,50000.000
1750782,-4340.412,694.765,50000.000,-5117.353,-2383.117,50000.000
1800783,-1486.647,261.471,50000.000,-1636.059,-67.235,50000.000
1850764,1352.176,-657.412,50000.000,1725.706,1068.294,50000.000
1900776,3062.941,-410.882,50000.000,3279.588,52.294,50000.000
1950764,3533.588,-112.059,50000.000,5393.764,-993.588,50000.000
2000775,4586.941,440.765,50000.000,7448.176,933.823,50000.000
2050764,8830.234,859.118,50000.000,10055.411,4265.706,50000.000
2100776,11855.822,605.118,50000.000,12445.999,4572.000,50001.000
2150809,12647.705,-216.647,50000.000,13850.470,2106.706,50000.000
2200782,12647.705,522.941,50000.000,14029.764,500.529,49999.000
2250794,12797.117,620.059,50000.000,14156.764,22.412,50000.000
2300769,13207.999,1001.059,50000.000,14134.352,1172.882,50000.000
2350791,14253.882,306.294,50000.000,14515.352,2562.412,50000.000
2400789,14851.528,-403.412,50000.000,16009.470,2144.059,50000.000
2450783,14223.999,732.118,50000.000,14746.940,2711.823,50000.000
2500796,13626.352,1845.235,50000.000,13999.882,2345.765,50000.000
2550797,13230.411,2808.941,50000.000,13379.822,4138.706,50000.000
2600792,13611.411,2121.647,50000.000,12998.822,5057.588,50000.000
2650799,12804.587,1307.353,50000.000,13178.117,2674.470,50000.000
2700793,12072.470,343.647,50000.000,12752.293,1576.294,50000.000
2750793,12072.470,0.000,50000.000,11982.822,4385.235,50000.000
2800719,10951.882,-948.765,50000.000,10025.528,5976.470,50000.000
2850787,8852.646,-3025.588,50000.000,8919.882,3600.823,50000.000
2900788,5117.353,-3160.059,50000.000,6731.000,-1195.294,50000.000
2950782,2368.176,-874.059,50000.000,3204.882,-881.529,50000.000
3000775,1030.941,1538.941,50000.000,-149.412,1792.941,50000.000
3050779,-1486.647,1710.765,50000.000,-2495.176,1636.059,50001.000
3100800,-3862.294,82.176,50000.000,-4191.000,246.529,50000.000
3150763,-5744.882,-1658.470,50000.000,-5752.353,-216.647,49999.000
3200809,-7336.117,-1367.118,50000.000,-7806.764,366.059,50000.000
3250783,-9315.823,29.882,50000.000,-10578.353,-29.882,50000.000
3300772,-11669.058,1068.294,50000.000,-12535.646,-791.882,50000.000
3350793,-12595.411,1210.235,50000.000,-14052.176,-769.471,50000.000
3400794,-13880.352,59.765,50000.000,-14769.352,-1277.470,50000.000
3450786,-15105.528,-1053.353,50000.000,-15643.411,-1322.294,50000.000
3500807,-15434.234,-1486.647,50000.000,-16592.176,-762.000,50001.000
3550814,-15508.940,-918.882,50000.000,-16442.764,-739.588,49999.000
3600816,-14963.587,-29.882,50000.000,-16636.998,-814.294,50000.000
3650793,-14784.293,-545.353,50000.000,-16054.293,-1464.235,50000.000
3700797,-14604.999,-1008.529,50000.000,-14806.705,-2002.118,50000.000
3750795,-13193.058,-717.176,50000.000,-14358.470,-1367.118,50000.000
3800796,-12655.176,-433.294,50000.000,-13820.587,-791.882,50000.000
3850788,-12244.293,-366.059,50000.000,-13230.411,-1135.529,50000.000
3900797,-11400.117,-164.353,50000.000,-12468.411,-963.706,50000.000
3950789,-10137.588,-388.471,50000.000,-11676.528,-1001.059,50000.000
4000788,-8001.000,-298.824,50000.000,-10563.411,-1367.118,50000.000
4050784,-8494.059,-500.529,50000.000,-9801.411,-1591.235,50000.000
4100784,-7799.293,-776.941,50000.000,-8381.999,-1740.647,50000.000
4150791,-5991.411,-485.588,50000.000,-6902.823,-1344.706,50000.000
4200789,-3772.647,209.176,50000.000,-5498.353,-283.882,50000.000
4250780,-2569.882,724.647,50000.000,-3585.882,627.529,50000.000
4300783,-993.588,268.941,50000.000,-1449.294,500.529,50000.000
4350772,537.882,291.353,50000.000,620.059,-470.647,50000.000
4400755,2779.059,395.941,50000.000,3414.059,-1382.059,50000.000
4450764,6454.588,-373.529,50000.000,7851.588,-395.941,50000.000
4500770,10047.940,-336.176,50000.000,11661.588,1494.118,50000.000
4550789,10458.823,575.235,50000.000,13730.940,2398.059,50000.000
4600790,11512.176,739.588,50000.000,16181.293,1494.118,50001.000
4650807,15180.234,224.118,50000.000,18392.588,821.765,49999.000
4700799,17092.705,373.529,50000.000,19132.176,881.529,50000.000
4750782,17921.939,500.529,50000.000,19916.586,672.353,50000.000
4800779,18586.822,14.941,50000.000,20798.117,993.588,50000.000
4850782,19617.764,0.000,50000.000,20783.176,1800.412,50000.000
4900710,19767.176,440.765,50000.000,20857.881,1143.000,50000.000
4950782,18893.117,896.471,50000.000,20506.764,896.471,50000.000
5000772,18541.998,1845.235,50000.000,20080.939,2876.176,50000.000
5050799,18250.646,1867.647,50000.000,19199.410,3122.706,50000.000
5100793,17481.176,403.412,50000.000,18736.234,2039.470,50000.000
5150787,16562.293,-754.529,50000.000,17787.469,2652.059,50000.000
5200790,15359.528,-1755.588,50000.000,16233.587,1374.588,50000.000
5250805,11893.176,-2338.294,50000.000,14201.587,-1001.059,50000.000
5300789,10369.176,52.294,50000.000,11370.234,149.412,50000.000
5350774,8733.117,620.059,50000.000,8411.882,1643.529,50000.000
5400773,6641.353,-687.294,50000.000,7216.588,2898.588,50000.000
5450781,4654.176,-2457.823,50000.000,4661.647,2218.765,50001.000
5500807,1621.118,-4078.941,50000.000,2674.470,2256.117,49999.000
5550805,-395.941,-4467.412,50000.000,-156.882,2592.294,50000.000
5600777,-3533.588,-3488.764,50000.000,-3750.235,2106.706,50000.000
5650788,-6604.000,-2360.706,50000.000,-6843.059,657.412,50000.000
5700773,-8934.823,-478.118,50000.000,-9629.588,-605.118,50000.000
5750779,-11325.411,530.412,50000.000,-12132.234,-575.235,50000.000
5800796,-12259.234,664.882,50000.000,-13581.528,-112.059,50000.000
5850795,-13559.117,-59.765,50000.000,-14507.882,-657.412,50001.000
5900801,-13940.117,403.412,50000.000,-15456.646,-560.294,49999.000
5950811,-13932.646,373.529,50000.000,-16480.117,-276.412,50000.000
6000795,-14418.234,-889.000,50000.000,-15553.764,-478.118,50000.000
6050787,-14492.940,-1165.412,50000.000,-16726.646,-806.823,50000.000
6100800,-15673.293,-530.412,50000.000,-17488.646,-814.294,50000.000
6150795,-16509.998,-179.294,50000.000,-18213.293,-717.176,50000.000
6200797,-16315.764,-201.706,50000.000,-18041.469,-881.529,50000.000
6250786,-15972.116,-403.412,50000.000,-17496.117,-814.294,50000.000
6300796,-15105.528,-448.235,50000.000,-17070.293,-762.000,50000.000
6350789,-13969.999,-291.353,50000.000,-16457.705,-859.118,50000.000
6400794,-13334.999,-336.176,50000.000,-15419.293,-747.059,50000.000
6450794,-12550.587,-224.118,50000.000,-14216.528,-836.706,50000.000
6500789,-11011.646,-134.471,50000.000,-13409.705,-1143.000,50000.000
6550793,-10802.470,-298.824,50000.000,-12640.234,-829.235,50000.000
6600790,-9778.999,-291.353,50000.000,-11317.940,-605.118,50000.000
6650786,-9405.470,-418.353,50000.000,-9950.823,-702.235,50000.000
6700777,-8180.293,-470.647,50000.000,-8695.764,-769.471,50001.000
6750793,-6828.117,-358.588,50000.000,-7253.941,-784.412,49999.000
6800802,-5453.529,-321.235,50000.000,-5715.000,-605.118,50000.000
6850779,-3862.294,-261.471,50000.000,-4138.706,-403.412,50000.000
6900769,-2472.765,-448.235,50000.000,-2480.235,-485.588,50000.000
6950785,-1075.765,-313.765,50000.000,-1016.000,-283.882,50000.000
7000774,373.529,0.000,50000.000,388.471,104.588,50000.000
7050688,1606.176,37.353,50000.000,1785.470,246.529,50000.000
7100758,2689.412,37.353,50000.000,2995.706,261.471,50000.000
7150754,3683.000,-14.941,50000.000,4228.353,239.059,50001.000
7200778,4788.647,164.353,50000.000,5319.059,216.647,49999.000
7250786,5939.117,179.294,50000.000,6604.000,194.235,50001.000
7300787,7328.646,-194.235,50000.000,8045.823,440.765,49999.000
7350789,8501.529,-156.882,50000.000,9129.059,754.529,50000.000
7400772,9002.059,82.176,50000.000,9614.646,881.529,50000.000
7450761,9569.823,104.588,50000.000,10182.411,717.176,50000.000
7500779,9876.117,-74.706,50000.000,10929.470,567.765,50000.000
7550765,10070.353,254.000,50000.000,11190.940,373.529,50000.000
7600771,10040.470,291.353,50000.000,11609.293,425.823,50000.000
7650769,9905.999,141.941,50000.000,12214.411,664.882,50000.000
7700781,11452.411,82.176,50000.000,12416.117,754.529,50000.000
7750782,11803.528,-179.294,50000.000,12767.234,717.176,50000.000
7800792,11878.234,-7.471,50000.000,12871.822,567.765,50000.000
7850759,11743.764,373.529,50000.000,12647.705,597.647,50000.000
7900778,11825.940,-104.588,50000.000,12617.822,313.765,50000.000
7950787,11676.528,-149.412,50000.000,12617.822,410.882,50000.000
8000789,11579.411,14.941,50000.000,12468.411,433.294,50000.000
8050782,11385.176,29.882,50000.000,12266.705,425.823,50001.000
8100792,11048.999,-14.941,50000.000,12072.470,620.059,49999.000
8150791,10174.940,216.647,50000.000,11736.293,732.118,50000.000
8200778,9734.176,194.235,50000.000,11048.999,903.941,50000.000
8250775,9689.353,-171.824,50000.000,10488.705,1680.882,50000.000
8300783,9069.294,-231.588,50000.000,9592.234,874.059,50000.000
8350768,7679.764,-201.706,50000.000,8860.117,-22.412,50000.000
8400761,7171.764,-306.294,50000.000,7986.058,530.412,50000.000
8450769,6529.293,52.294,50000.000,6559.176,889.000,50000.000
8500762,5005.294,-59.765,50000.000,5535.706,74.706,50001.000
8550757,3877.235,-358.588,50000.000,4355.353,127.000,49999.000
8600794,3107.764,-500.529,50000.000,3234.764,515.471,50000.000
8650767,1718.235,-224.118,50000.000,1860.176,179.294,50000.000
8700773,298.824,82.176,50000.000,321.235,-216.647,50000.000
8750758,-829.235,-141.941,50000.000,-851.647,82.176,50000.000
8800761,-1755.588,-403.412,50000.000,-2099.235,806.823,50000.000
8850776,-2973.294,-582.706,50000.000,-3339.353,1008.529,50000.000
8900777,-4273.176,14.941,50000.000,-4758.764,37.353,50000.000
8950766,-5289.176,343.647,50000.000,-5685.117,-627.529,50001.000
9000803,-5573.059,0.000,50000.000,-5894.294,-455.706,49999.000
9050720,-5879.353,-112.059,50000.000,-6447.117,-239.059,50000.000
9100774,-6491.941,0.000,50000.000,-6880.411,-605.118,50000.000
9150700,-6708.588,22.412,50000.000,-7179.235,-552.823,50000.000
9200765,-6850.529,22.412,50000.000,-7380.941,-425.823,50000.000
9250759,-6798.235,-52.294,50000.000,-7470.588,-388.471,50000.000
9300769,-7007.411,-44.824,50000.000,-7493.000,-679.823,50000.000
9350773,-7126.941,-194.235,50000.000,-7515.411,-732.118,50000.000
9400780,-7029.823,-231.588,50000.000,-7664.823,-358.588,50000.000
9450786,-7097.058,-14.941,50000.000,-7806.764,-224.118,50000.000
9500774,-7186.706,-186.765,50000.000,-7717.117,-620.059,50001.000
9550788,-7246.470,-82.176,50000.000,-7672.293,-866.588,49999.000
9600802,-7044.764,-127.000,50000.000,-7649.882,-530.412,50002.000
9650791,-6813.176,-59.765,50000.000,-7463.117,-328.706,50000.000
9700772,-6813.176,-37.353,50000.000,-7186.706,-448.235,50000.000
9750773,-6544.235,-119.529,50000.000,-6887.882,-470.647,50000.000
9800781,-6073.588,-29.882,50000.000,-6544.235,-448.235,50000.000
9850776,-5543.176,-104.588,50000.000,-5976.470,-470.647,50000.000
9900783,-5289.176,-194.235,50000.000,-5550.646,-508.000,50000.000
9950783,-4676.588,-141.941,50000.000,-5102.412,-485.588,50001.000
10000797,-4011.706,14.941,50000.000,-4564.529,-283.882,49999.000
10050797,-3526.117,-7.471,50000.000,-3922.059,-216.647,50000.000
10100759,-3070.412,-37.353,50000.000,-3406.588,-231.588,50000.000
10150769,-2667.000,22.412,50000.000,-2831.353,-306.294,50000.000
10200772,-2129.117,22.412,50000.000,-2368.176,-186.765,50000.000
10250778,-1800.412,-7.471,50000.000,-1912.470,-268.941,50000.000
10300754,-1299.882,-14.941,50000.000,-1411.941,-268.941,50000.000
10350785,-657.412,89.647,50000.000,-918.882,-97.118,50000.000
10400755,-216.647,-22.412,50000.000,-321.235,-7.471,50000.000
10450738,22.412,-89.647,50000.000,179.294,-171.824,49998.000
10500777,328.706,22.412,50000.000,440.765,-82.176,50000.000
10550743,672.353,-44.824,50000.000,896.471,59.765,50000.000
10600744,1098.176,-127.000,50000.000,1359.647,104.588,50000.000
10650771,1329.765,-22.412,50000.000,1561.353,44.824,50000.000
10700756,1658.470,-22.412,50000.000,1942.353,52.294,50000.000
10750760,2009.588,37.353,50000.000,2106.706,268.941,50000.000
10800758,2024.529,-82.176,50000.000,2300.941,216.647,50000.000
10850763,2009.588,-112.059,50000.000,2368.176,44.824,50000.000
10900763,2054.412,74.706,50000.000,2263.588,44.824,50000.000
10950755,2076.823,44.824,50000.000,2353.235,209.176,50000.000
11000766,2032.000,-37.353,50000.000,2308.412,164.353,50000.000
11050759,1987.176,-59.765,50000.000,2196.353,44.824,50000.000
11100760,1860.176,59.765,50000.000,2076.823,44.824,50000.000
11150757,1695.823,-29.882,50000.000,2024.529,89.647,50000.000
11200766,1658.470,7.471,50000.000,1822.823,194.235,50000.000
11250749,1636.059,-14.941,50000.000,1740.647,179.294,50000.000
11300765,1531.470,-37.353,50000.000,1643.529,141.941,50000.000
11350769,1292.412,14.941,50000.000,1397.000,29.882,50000.000
11400762,1098.176,-97.118,50000.000,1232.647,-22.412,50000.000
11450760,963.706,-44.824,50000.000,1023.471,74.706,50000.000
11500743,762.000,29.882,50000.000,836.706,59.765,50001.000
11550760,664.882,-7.471,50000.000,724.647,0.000,49999.000
11600695,448.235,0.000,50000.000,478.118,-37.353,50000.000
11650689,268.941,0.000,50000.000,306.294,-22.412,50000.000
11700689,112.059,-7.471,50000.000,119.529,-67.235,50000.000
11750733,-37.353,7.471,50000.000,-7.471,-44.824,50000.000
11800702,-89.647,14.941,50000.000,-52.294,-29.882,50000.000
11850750,0.000,0.000,50000.000,0.000,0.000,50000.000
11900492,59.765,0.000,50000.000,22.412,0.000,50000.000
11950612,-44.824,0.000,50000.000,-37.353,-52.294,50000.000
12000682,-104.588,22.412,50000.000,-74.706,-67.235,50000.000
12050744,-37.353,149.412,50000.000,-14.941,22.412,50001.000
12100761,89.647,724.647,50000.000,-127.000,500.529,49999.000
12150777,336.176,-171.824,50000.000,-74.706,508.000,50000.000
12200751,59.765,-1210.235,50000.000,739.588,-425.823,50000.000
12250765,89.647,-82.176,50000.000,164.353,351.118,50000.000
12300751,567.765,-149.412,50000.000,313.765,239.059,50000.000
12350755,119.529,-37.353,50000.000,395.941,-448.235,50000.000
12400756,291.353,-44.824,50000.000,366.059,-216.647,50000.000
12450754,455.706,-7.471,50000.000,373.529,276.412,50000.000
12500733,306.294,-82.176,50000.000,410.882,119.529,50000.000
12550758,261.471,-82.176,50000.000,395.941,-112.059,50000.000
12600749,239.059,44.824,50000.000,291.353,22.412,50001.000
12650757,343.647,-74.706,50000.000,366.059,127.000,49999.000
12700771,336.176,-74.706,50000.000,358.588,-7.471,50000.000
12750733,216.647,-119.529,50000.000,321.235,-246.529,50000.000
12800767,216.647,-52.294,50000.000,343.647,-171.824,50000.000
12850762,343.647,82.176,50000.000,268.941,224.118,50000.000
12900758,433.294,-134.471,50000.000,433.294,141.941,50000.000
12950763,336.176,-127.000,50000.000,493.059,-119.529,50000.000
13000758,343.647,-82.176,50000.000,440.765,-171.824,50000.000
13050756,410.882,-7.471,50000.000,478.118,89.647,50001.000
13100746,493.059,7.471,50000.000,470.647,141.941,49999.000
13150749,395.941,22.412,50000.000,485.588,52.294,50000.000
13200746,358.588,0.000,50000.000,410.882,0.000,50000.000
13250627,351.118,22.412,50000.000,351.118,14.941,50000.000
13300745,239.059,29.882,50000.000,261.471,29.882,50000.000
13350745,149.412,0.000,50000.000,164.353,-14.941,50000.000
13400690,67.235,0.000,50000.000,82.176,-59.765,50000.000
13450680,0.000,0.000,50000.000,7.471,-22.412,50000.000
13500596,-7.471,0.000,50000.000,-7.471,-59.765,50000.000
13550641,-44.824,14.941,50000.000,-7.471,-29.882,50000.000
13600726,44.824,866.588,50000.000,0.000,762.000,50000.000
13650687,1045.882,1098.176,50000.000,149.412,3399.117,50000.000
13700778,2480.235,-1008.529,50000.000,1449.294,4437.529,50001.000
13750807,2465.294,-1322.294,50000.000,2532.529,3772.647,49999.000
13800813,2607.235,-500.529,50000.000,2196.353,2413.000,50000.000
13850779,1934.882,-403.412,50000.000,2218.765,22.412,50000.000
13900762,1426.882,22.412,50000.000,2024.529,-1023.471,50000.000
13950768,2211.294,89.647,50000.000,2360.706,-104.588,50000.000
14000763,2786.529,321.235,50000.000,2973.294,1172.882,50000.000
14050782,3660.588,261.471,50000.000,3354.294,1822.823,50000.000
14100771,3817.470,-29.882,50000.000,3959.411,1083.235,50000.000
14150777,3862.294,-37.353,50000.000,4280.647,433.294,50000.000
14200764,4168.588,37.353,50000.000,4347.882,112.059,50000.000
14250759,4026.647,-112.059,50000.000,4676.588,-171.824,50001.000
14300787,4377.765,119.529,50000.000,4870.823,395.941,49999.000
14350789,4773.706,52.294,50000.000,4878.294,567.765,50000.000
14400762,4385.235,-164.353,50000.000,5109.882,104.588,50000.000
14450767,4340.412,0.000,50000.000,5109.882,164.353,50000.000
14500696,4646.706,194.235,50000.000,4855.882,463.176,50000.000
14550771,4459.941,89.647,50000.000,4855.882,239.059,50000.000
14600760,4459.941,-29.882,50000.000,4938.059,104.588,50000.000
14650762,4280.647,-52.294,50000.000,4781.176,149.412,50000.000
14700767,4041.588,-29.882,50000.000,4474.882,209.176,50000.000
14750764,3922.059,74.706,50000.000,4265.706,186.765,50000.000
14800755,3735.294,14.941,50000.000,4123.765,171.824,50000.000
14850764,3548.529,-82.176,50000.000,3989.294,112.059,50000.000
14900767,3294.529,59.765,50000.000,3563.470,179.294,50000.000
14950767,3048.000,89.647,50000.000,3227.294,171.824,50000.000
15000762,2719.294,0.000,50000.000,3010.647,209.176,50000.000
15050697,2480.235,-22.412,50000.000,2569.882,239.059,50000.000
15100765,2076.823,-112.059,50000.000,2271.059,37.353,50000.000
15150760,1718.235,-179.294,50000.000,1979.706,7.471,50000.000
15200747,1486.647,0.000,50000.000,1524.000,104.588,50000.000
15250702,1038.412,-22.412,50000.000,1157.941,14.941,50000.000
15300760,709.706,-67.235,50000.000,844.176,74.706,50000.000
15350745,470.647,59.765,50000.000,395.941,156.882,50000.000
15400750,127.000,14.941,50000.000,97.118,0.000,50000.000
15450682,-239.059,-97.118,50000.000,-171.824,-134.471,50000.000
15500752,-508.000,-67.235,50000.000,-500.529,-89.647,50001.000
15550769,-724.647,127.000,50000.000,-889.000,82.176,49999.000
15600776,-948.765,104.588,50000.000,-1128.059,-22.412,50000.000
15650759,-1195.294,-89.647,50000.000,-1150.470,-224.118,50000.000
15700777,-1307.353,-29.882,50000.000,-1359.647,-134.471,50000.000
15750771,-1314.823,127.000,50000.000,-1621.118,-44.824,50000.000
15800775,-1546.412,0.000,50000.000,-1651.000,-186.765,50000.000
15850704,-1576.294,0.000,50000.000,-1695.823,-134.471,50000.000
15900710,-1561.353,29.882,50000.000,-1800.412,-52.294,50000.000
15950762,-1591.235,-29.882,50000.000,-1755.588,-156.882,50000.000
16000785,-1703.294,44.824,50000.000,-1778.000,-231.588,50000.000
16050766,-1636.059,97.118,50000.000,-1845.235,-104.588,50001.000
16100789,-1695.823,97.118,50000.000,-1845.235,-44.824,50000.000
16150767,-1703.294,59.765,50000.000,-1875.118,-89.647,49999.000
16200782,-1531.470,-44.824,50000.000,-1710.765,-112.059,50000.000
16250769,-1568.823,-52.294,50000.000,-1628.588,-141.941,50000.000
16300785,-1524.000,22.412,50000.000,-1658.470,-149.412,50000.000
16350771,-1426.882,0.000,50000.000,-1516.529,-171.824,50000.000
16400712,-1426.882,67.235,50000.000,-1456.765,-127.000,50000.000
16450778,-1232.647,485.588,50000.000,-1591.235,134.471,50000.000
16500779,-1389.529,1337.235,50000.000,-2099.235,732.118,50000.000
16550789,-1755.588,918.882,50000.000,-2241.176,-575.235,50000.000
16600789,-1860.176,-89.647,50000.000,-1792.941,-403.412,50001.000
16650793,-1426.882,-874.059,50000.000,-1516.529,-179.294,50000.000
16700786,-1912.470,-515.471,50000.000,-1905.000,-201.706,49999.000
16750792,-1927.412,216.647,50000.000,-2472.765,-104.588,50000.000
16800781,-1658.470,216.647,50000.000,-2383.117,22.412,50000.000
16850771,-1890.059,-470.647,50000.000,-1688.353,-186.765,50000.000
16900775,-1464.235,-530.412,50000.000,-1441.823,-89.647,50000.000
16950780,-1202.765,-149.412,50000.000,-1389.529,-44.824,50000.000
17000774,-1113.118,67.235,50000.000,-1165.412,-156.882,50000.000
17050778,-717.176,-37.353,50000.000,-829.235,-82.176,50000.000
17100760,-433.294,-74.706,50000.000,-493.059,-7.471,50000.000
17150726,-216.647,-59.765,50000.000,-194.235,-119.529,50000.000
17200766,37.353,-37.353,50000.000,52.294,-89.647,50000.000
17250743,268.941,-14.941,50000.000,358.588,0.000,50001.000
17300711,470.647,7.471,50000.000,560.294,22.412,49999.000
17350748,664.882,0.000,50000.000,799.353,89.647,50000.000
17400691,829.235,-29.882,50000.000,971.176,44.824,50000.000
17450754,881.529,493.059,50000.000,918.882,321.235,50000.000
17500757,799.353,1845.235,50000.000,59.765,1075.765,50000.000
17550762,754.529,993.588,50000.000,246.529,7.471,50000.000
17600737,627.529,-799.353,50000.000,1456.765,-552.823,50000.000
17650772,1344.706,-1479.176,50000.000,1964.765,0.000,50000.000
17700710,1516.529,-642.471,50000.000,1613.647,351.118,50000.000
17750768,1180.353,291.353,50000.000,1217.706,-29.882,50000.000
17800761,1307.353,508.000,50000.000,1187.823,-74.706,50000.000
17850760,1509.059,0.000,50000.000,1651.000,74.706,50000.000
17900684,1598.706,-254.000,50000.000,1964.765,112.059,50000.000
17950764,1538.941,791.882,50000.000,1673.412,1157.941,50001.000
18000792,1785.470,2017.059,50000.000,687.294,2973.294,49999.000
18050793,1374.588,1277.470,50000.000,582.706,2017.059,50000.000
18100770,1210.235,-209.176,50000.000,1307.353,1875.118,50000.000
18150779,1837.765,-2039.470,50000.000,1673.412,1449.294,50000.000
18200786,978.647,-2540.000,50000.000,1897.529,784.412,50000.000
18250771,881.529,-1359.647,50000.000,1240.118,709.706,50000.000
18300766,709.706,201.706,50000.000,328.706,1128.059,50000.000
18350746,351.118,522.941,50000.000,156.882,254.000,50000.000
18400762,156.882,0.000,50000.000,403.412,-261.471,50001.000
18450704,552.823,-186.765,50000.000,635.000,403.412,49999.000
18500779,948.765,246.529,50000.000,694.765,1725.706,50001.000
18550773,1128.059,567.765,50000.000,463.176,1740.647,49999.000
18600786,418.353,-104.588,50000.000,635.000,-672.353,50000.000
18650758,149.412,-679.823,50000.000,1053.353,-1045.882,50001.000
18700795,1090.706,-283.882,50000.000,1053.353,381.000,49999.000
18750780,1105.647,22.412,50000.000,1143.000,246.529,50000.000
18800755,993.588,-298.824,50000.000,1441.823,-582.706,50000.000
18850768,1367.118,-463.176,50000.000,1688.353,-343.647,50000.000
18900779,1531.470,-201.706,50000.000,1718.235,-74.706,50000.000
18950759,1591.235,-37.353,50000.000,1718.235,-186.765,50001.000
19000785,1441.823,-268.941,50000.000,1845.235,-590.176,50000.000
19050783,1494.118,-351.118,50000.000,1994.647,-246.529,49999.000
19100792,1695.823,-127.000,50000.000,1882.588,-179.294,50000.000
19150783,1524.000,134.471,50000.000,1755.588,-149.412,50000.000
19200768,1822.823,97.118,50000.000,1770.529,381.000,50000.000
19250760,1628.588,-29.882,50000.000,1718.235,171.824,50000.000
19300769,1344.706,-97.118,50000.000,1688.353,-112.059,50000.000
19350759,1486.647,22.412,50000.000,1516.529,119.529,50000.000
19400764,1262.529,164.353,50000.000,1322.294,112.059,50000.000
19450769,1075.765,-22.412,50000.000,1232.647,-44.824,50000.000
19500755,978.647,0.000,50000.000,1001.059,52.294,50001.000
19550700,747.059,-37.353,50000.000,814.294,29.882,50000.000
19600748,381.000,-22.412,50000.000,605.118,-179.294,49999.000
19650770,209.176,-7.471,50000.000,336.176,-119.529,50000.000
19700739,52.294,82.176,50000.000,0.000,156.882,50000.000
19750686,-216.647,485.588,50000.000,-545.353,597.647,50000.000
19800767,-724.647,388.471,50000.000,-1105.647,37.353,50000.000
19850756,-1426.882,-37.353,50000.000,-1195.294,-814.294,50000.000
19900781,-1307.353,-209.176,50000.000,-1284.941,-291.353,50000.000
19950779,-1180.353,-44.824,50000.000,-1494.118,186.765,50000.000
20000767,-1479.176,7.471,50000.000,-1591.235,-239.059,50000.000
20050751,-1434.353,0.000,50000.000,-1516.529,-313.765,50001.000
20100723,-1277.470,14.941,50000.000,-1516.529,-171.824,50000.000
20150776,-1299.882,7.471,50000.000,-1426.882,-209.176,49999.000
20200775,-1247.588,-44.824,50000.000,-1329.765,-209.176,50000.000
20250775,-1135.529,-7.471,50000.000,-1307.353,-171.824,50000.000
20300754,-1016.000,89.647,50000.000,-1195.294,-97.118,50000.000
20350763,-948.765,22.412,50000.000,-1023.471,-164.353,50000.000
20400754,-926.353,29.882,50000.000,-956.235,-164.353,50000.000
20450759,-769.471,29.882,50000.000,-851.647,-22.412,50000.000
20500746,-642.471,14.941,50000.000,-717.176,-14.941,50000.000
20550755,-582.706,141.941,50000.000,-664.882,-67.235,50000.000
20600760,-448.235,37.353,50000.000,-508.000,-52.294,50001.000
20650767,-381.000,-74.706,50000.000,-358.588,-186.765,49999.000
20700775,-321.235,0.000,50000.000,-328.706,-164.353,50000.000
20750693,-224.118,29.882,50000.000,-246.529,0.000,50000.000
20800686,-201.706,216.647,50000.000,-194.235,-67.235,50000.000
20850757,-388.471,1576.294,50000.000,-971.176,1389.529,50000.000
20900780,-328.706,859.118,50000.000,-1456.765,896.471,50000.000
20950758,-1202.765,-724.647,50000.000,-522.941,-1284.941,50000.000
21000785,-762.000,-1643.529,50000.000,-52.294,-1053.353,50000.000
21050775,-231.588,-821.765,50000.000,-313.765,597.647,50000.000
21100764,-560.294,343.647,50000.000,-911.412,328.706,50000.000
21150759,-739.588,395.941,50000.000,-829.235,-395.941,50001.000
21200775,-530.412,-82.176,50000.000,-425.823,-224.118,49999.000
21250779,-171.824,-239.059,50000.000,-156.882,89.647,50000.000
21300756,-74.706,-14.941,50000.000,-89.647,-74.706,50000.000
21350740,22.412,575.235,50000.000,-14.941,89.647,50002.000
21400763,425.823,1680.882,50000.000,-268.941,2233.706,50000.000
21450773,889.000,134.471,50000.000,14.941,1225.176,50000.000
21500755,-455.706,-1688.353,50000.000,1113.118,-1905.000,50000.000
21550778,29.882,-1314.823,50000.000,918.882,-1411.941,50001.000
21600793,948.765,-89.647,50000.000,575.235,620.059,50000.000
21650753,754.529,261.471,50000.000,694.765,403.412,49999.000
21700774,948.765,-59.765,50000.000,1120.588,-246.529,50000.000
21750759,1120.588,-254.000,50000.000,1449.294,-89.647,50000.000
21800773,1449.294,-119.529,50000.000,1665.941,89.647,50000.000
21850775,1568.823,-44.824,50000.000,1748.118,0.000,50000.000
21900700,1628.588,-97.118,50000.000,1942.353,-37.353,50000.000
21950762,1845.235,-7.471,50000.000,1987.176,29.882,50000.000
22000747,1890.059,112.059,50000.000,2039.470,104.588,50000.000
22050760,2009.588,37.353,50000.000,2151.529,67.235,50000.000
22100760,1964.765,-52.294,50000.000,2330.823,29.882,50000.000
22150764,2039.470,-59.765,50000.000,2293.470,7.471,50000.000
22200738,2076.823,67.235,50000.000,2151.529,112.059,49998.000
22250791,1972.235,-97.118,50000.000,2241.176,67.235,50000.000
22300766,1867.647,-67.235,50000.000,2084.294,7.471,50000.000
22350740,1800.412,-14.941,50000.000,1875.118,74.706,50000.000
22400753,1606.176,-134.471,50000.000,1785.470,89.647,50000.000
22450764,1322.294,-89.647,50000.000,1456.765,14.941,50000.000
22500766,1068.294,-29.882,50000.000,1165.412,37.353,50000.000
22550761,762.000,0.000,50000.000,836.706,74.706,50000.000
22600680,440.765,14.941,50000.000,537.882,74.706,50000.000
22650746,127.000,231.588,50000.000,29.882,836.706,50000.000
22700753,-537.882,694.765,50000.000,-1636.059,2704.353,50000.000
22750774,-1598.706,874.059,50000.000,-3204.882,1098.176,50000.000
22800778,-3727.823,455.706,50000.000,-3690.470,-806.823,50000.000
22850777,-3302.000,-1733.176,50000.000,-2906.059,-1202.765,50000.000
22900783,-4086.411,-1860.176,50000.000,-3361.764,-635.000,50000.000
22950789,-4168.588,-455.706,50000.000,-4639.235,-44.824,50000.000
23000771,-4878.294,440.765,50000.000,-5774.764,-933.823,50000.000
23050781,-5886.823,-313.765,50000.000,-5617.882,-2069.353,50001.000
23100802,-5431.117,-889.000,50000.000,-5535.706,-724.647,49999.000
23150794,-5251.823,-209.176,50000.000,-6163.235,44.824,50000.000
23200776,-5610.412,14.941,50000.000,-6088.529,-791.882,50000.000
23250767,-5386.294,-82.176,50000.000,-5767.294,-1128.059,50000.000
23300780,-4773.706,-283.882,50000.000,-5401.235,-306.294,50000.000
23350778,-4265.706,-582.706,50000.000,-4848.412,-351.118,50000.000
23400775,-4303.059,-455.706,50000.000,-4422.588,-657.412,50000.000
23450772,-3563.470,-149.412,50000.000,-4138.706,-149.412,50000.000
23500778,-3122.706,97.118,50000.000,-3593.353,-89.647,50000.000
23550761,-2764.117,-201.706,50000.000,-2764.117,-560.294,50000.000
23600781,-1927.412,-328.706,50000.000,-1994.647,-254.000,50000.000
23650776,-1270.000,-127.000,50000.000,-1434.353,-283.882,50000.000
23700782,-844.176,74.706,50000.000,-747.059,-201.706,50000.000
23750749,321.235,313.765,50000.000,149.412,328.706,50000.000
23800756,1397.000,156.882,50000.000,1441.823,246.529,50000.000
23850772,2405.529,-306.294,50000.000,2846.294,52.294,50000.000
23900767,3496.235,-179.294,50000.000,3854.823,149.412,50000.000
23950778,4250.765,-67.235,50000.000,4833.470,22.412,50000.000
24000758,5109.882,-112.059,50000.000,5789.706,254.000,50000.000
24050762,5812.117,-112.059,50000.000,6402.293,455.706,50000.000
24100767,6155.764,-7.471,50000.000,6880.411,298.824,50001.000
24150764,6566.646,44.824,50000.000,7321.176,246.529,49999.000
24200783,7067.176,164.353,50000.000,7515.411,381.000,50000.000
24250765,7268.882,14.941,50000.000,7724.588,395.941,50000.000
24300761,7455.646,-97.118,50000.000,7978.588,410.882,50000.000
24350766,7627.470,-52.294,50000.000,8135.470,358.588,50000.000
24400771,7470.588,89.647,50000.000,8165.353,410.882,50000.000
24450762,7373.470,254.000,50000.000,7903.882,642.471,50000.000
24500764,7067.176,590.176,50000.000,7306.235,1075.765,50000.000
24550767,6626.411,179.294,50000.000,6992.470,395.941,50000.000
24600771,5856.941,-508.000,50000.000,6880.411,67.235,50000.000
24650761,5543.176,-283.882,50000.000,5983.941,485.588,50001.000
24700791,4766.235,268.941,50000.000,4811.059,717.176,50000.000
24750770,3630.706,276.412,50000.000,3951.941,164.353,49999.000
24800781,3018.117,-231.588,50000.000,3451.412,-14.941,50000.000
24850771,2465.294,-403.412,50000.000,2846.294,52.294,50000.000
24900763,1710.765,-29.882,50000.000,1860.176,97.118,50000.000
24950757,986.118,112.059,50000.000,993.588,127.000,50000.000
25000751,276.412,0.000,50000.000,291.353,-14.941,50000.000
25050689,-433.294,22.412,50000.000,-470.647,-37.353,50000.000
25100752,-1001.059,97.118,50000.000,-1187.823,-22.412,50000.000
25150756,-1561.353,-7.471,50000.000,-1740.647,-134.471,50000.000
25200750,-2069.353,29.882,50000.000,-2218.765,-231.588,50000.000
25250775,-2390.588,59.765,50000.000,-2749.176,-239.059,50000.000
25300773,-2876.176,209.176,50000.000,-3249.706,-209.176,50000.000
25350779,-3197.412,209.176,50000.000,-3675.529,-97.118,50000.000
25400775,-3458.882,37.353,50000.000,-3854.823,-171.824,50000.000
25450778,-3802.529,7.471,50000.000,-4101.353,-328.706,50000.000
25500745,-3892.176,22.412,50000.000,-4265.706,-179.294,50000.000
25550775,-3981.823,82.176,50000.000,-4467.412,-164.353,50000.000
25600777,-4019.176,224.118,50000.000,-4639.235,-82.176,50000.000
25650775,-4220.882,164.353,50000.000,-4788.647,276.412,50000.000
25700773,-4549.588,67.235,50000.000,-5117.353,-395.941,50000.000
25750772,-5199.529,-7.471,50000.000,-5102.412,-859.118,50000.000
25800756,-4616.823,-201.706,50000.000,-4997.823,-239.059,50000.000
25850778,-4669.117,-74.706,50000.000,-5109.882,-216.647,50000.000
25900774,-4736.353,-44.824,50000.000,-4915.646,-552.823,50000.000
25950780,-4489.823,22.412,50000.000,-4826.000,-381.000,50000.000
26000772,-4235.823,0.000,50000.000,-4631.764,-231.588,50000.000
26050716,-4078.941,7.471,50000.000,-4325.470,-351.118,50000.000
26100745,-3824.941,29.882,50000.000,-4108.823,-321.235,50000.000
26150776,-3526.117,29.882,50000.000,-3862.294,-276.412,50000.000
26200777,-3257.176,-171.824,50000.000,-3376.706,-254.000,50000.000
26250779,-2980.764,-104.588,50000.000,-3160.059,-224.118,50000.000
26300776,-2629.647,29.882,50000.000,-2935.941,-239.059,50000.000
26350770,-2435.412,37.353,50000.000,-2629.647,-291.353,50000.000
26400772,-2024.529,52.294,50000.000,-2323.353,-216.647,50000.000
26450779,-1695.823,-44.824,50000.000,-1957.294,-74.706,50000.000
26500768,-1314.823,-134.471,50000.000,-1531.470,-89.647,50000.000
26550778,-1150.470,-82.176,50000.000,-1270.000,-201.706,50000.000
26600770,-844.176,-14.941,50000.000,-986.118,-149.412,50001.000
26650774,-560.294,-29.882,50000.000,-642.471,-37.353,50000.000
26700754,-313.765,-22.412,50000.000,-336.176,-37.353,49999.000
26750774,-119.529,29.882,50000.000,-119.529,-59.765,50000.000
26800758,127.000,0.000,50000.000,134.471,0.000,50000.000
26850622,298.824,-29.882,50000.000,381.000,22.412,50000.000
26900745,410.882,7.471,50000.000,530.412,-29.882,50000.000
26950729,582.706,-7.471,50000.000,679.823,0.000,50000.000
27000668,627.529,-37.353,50000.000,821.765,7.471,50000.000
27050731,702.235,29.882,50000.000,881.529,0.000,50000.000
27100690,784.412,201.706,50000.000,874.059,134.471,50000.000
27150746,866.588,881.529,50000.000,552.823,1023.471,50000.000
27200767,672.353,978.647,50000.000,216.647,1232.647,50000.000
27250764,933.823,403.412,50000.000,814.294,1105.647,50000.000
27300763,1337.235,-1180.353,50000.000,1673.412,448.235,50000.000
27350783,941.294,-1546.412,50000.000,1957.294,-239.059,50000.000
27400776,1172.882,-186.765,50000.000,1270.000,186.765,50000.000
27450772,1314.823,276.412,50000.000,1180.353,52.294,50000.000
27500765,1135.529,-201.706,50000.000,1688.353,-560.294,50000.000
27550775,1725.706,-164.353,50000.000,2017.059,261.471,50000.000
27600759,2196.353,-119.529,50000.000,2248.647,455.706,50000.000
27650770,2211.294,-358.588,50000.000,2756.647,-149.412,50000.000
27700779,2711.823,-209.176,50000.000,3137.647,-67.235,50000.000
27750771,3152.588,-29.882,50000.000,3391.647,179.294,50000.000
27800772,3481.294,-97.118,50000.000,3884.706,328.706,50001.000
27850774,3772.647,-201.706,50000.000,4213.412,179.294,49999.000
27900788,3892.176,-171.824,50000.000,4273.176,74.706,50000.000
27950766,4041.588,-89.647,50000.000,4377.765,186.765,50000.000
28000764,3959.411,-52.294,50000.000,4445.000,141.941,50000.000
28050773,4019.176,-59.765,50000.000,4407.647,224.118,50000.000
28100761,4078.941,-44.824,50000.000,4303.059,224.118,50000.000
28150754,3742.764,14.941,50000.000,4168.588,74.706,50000.000
28200760,3593.353,0.000,50000.000,4011.706,104.588,50000.000
28250697,3533.588,0.000,50000.000,3750.235,209.176,50000.000
28300702,3137.647,-119.529,50000.000,3511.176,164.353,50000.000
28350775,2786.529,-171.824,50000.000,3130.176,82.176,50001.000
28400785,2293.470,-186.765,50000.000,2554.941,119.529,50000.000
28450771,1867.647,-104.588,50000.000,1972.235,119.529,49999.000
28500797,1187.823,0.000,50000.000,1337.235,0.000,50000.000
28550642,687.294,-29.882,50000.000,799.353,14.941,50000.000
28600755,276.412,-14.941,50000.000,283.882,44.824,50000.000
28650751,-149.412,0.000,50000.000,-156.882,-29.882,50000.000
28700694,-537.882,29.882,50000.000,-605.118,-74.706,50000.000
28750751,-911.412,52.294,50000.000,-1016.000,-22.412,50000.000
28800755,-1172.882,7.471,50000.000,-1314.823,-52.294,50000.000
28850752,-1501.588,82.176,50000.000,-1598.706,-186.765,50000.000
28900772,-1546.412,67.235,50000.000,-1733.176,-104.588,50000.000
28950778,-1673.412,22.412,50000.000,-1815.353,-127.000,50001.000
29000786,-1792.941,14.941,50000.000,-1867.647,-164.353,49999.000
29050799,-1710.765,149.412,50000.000,-1949.823,-37.353,50000.000
29100772,-1770.529,97.118,50000.000,-2039.470,-37.353,50000.000
29150759,-1807.882,-74.706,50000.000,-1912.470,-276.412,50000.000
29200772,-1860.176,-127.000,50000.000,-1957.294,-82.176,50000.000
29250776,-1673.412,328.706,50000.000,-2308.412,926.353,50000.000
29300770,-2084.294,620.059,50000.000,-2898.588,545.353,50000.000
29350773,-3025.588,14.941,50000.000,-2943.412,-1016.000,50000.000
29400779,-3197.412,-455.706,50000.000,-3197.412,-433.294,50000.000
29450778,-3182.470,321.235,50000.000,-4086.411,709.706,50000.000
29500775,-3772.647,829.235,50000.000,-4542.117,-67.235,50000.000
29550780,-4325.470,239.059,50000.000,-4273.176,-1755.588,50001.000
29600804,-3406.588,-478.118,50000.000,-3167.529,-1053.353,49999.000
29650803,-2144.059,-709.706,50000.000,-2233.706,-89.647,50000.000
29700768,-1882.588,-119.529,50000.000,-2144.059,-321.235,50000.000
29750786,-2061.882,141.941,50000.000,-2203.823,-732.118,50000.000
29800782,-1613.647,22.412,50000.000,-2017.059,-268.941,50000.000
29850768,-1471.706,14.941,50000.000,-1807.882,104.588,50000.000
29900768,-1628.588,-22.412,50000.000,-1636.059,-448.235,50000.000
29950775,-1583.765,156.882,50000.000,-1680.882,-306.294,50000.000
30000781,-1240.118,44.824,50000.000,-1397.000,-156.882,50000.000
30050773,-1344.706,74.706,50000.000,-1397.000,-343.647,50000.000
30100771,-1180.353,89.647,50000.000,-1367.118,-209.176,50000.000
30150773,-1270.000,44.824,50000.000,-1382.059,-231.588,50000.000
30200773,-1270.000,141.941,50000.000,-1449.294,-403.412,50000.000
30250780,-1262.529,-14.941,50000.000,-1344.706,-298.824,50001.000
30300793,-1165.412,-59.765,50000.000,-1240.118,-313.765,49999.000
30350791,-1045.882,29.882,50000.000,-1075.765,-306.294,50000.000
30400772,-694.765,0.000,50000.000,-889.000,7.471,50000.000
30450662,-336.176,-22.412,50000.000,-485.588,104.588,50000.000
30500759,-321.235,-22.412,50000.000,-261.471,-164.353,50000.000
30550755,7.471,-44.824,50000.000,0.000,-7.471,50000.000
30600637,291.353,-82.176,50000.000,328.706,0.000,50000.000
30650684,351.118,-97.118,50000.000,620.059,-104.588,50000.000
30700748,1023.471,-104.588,50000.000,1075.765,179.294,50000.000
30750764,1441.823,0.000,50000.000,1516.529,119.529,50000.000
30800707,1695.823,-44.824,50000.000,2017.059,59.765,50000.000
30850753,2159.000,-112.059,50000.000,2405.529,224.118,50000.000
30900765,2442.882,0.000,50000.000,2681.941,201.706,50000.000
30950695,2696.882,-59.765,50000.000,2891.117,306.294,50000.000
31000768,2704.353,-104.588,50000.000,3062.941,216.647,50000.000
31050764,2607.235,37.353,50000.000,3152.588,-14.941,50000.000
31100763,3048.000,52.294,50000.000,3145.117,224.118,50000.000
31150763,3182.470,-112.059,50000.000,3361.764,313.765,50000.000
31200768,2831.353,-201.706,50000.000,3354.294,141.941,50000.000
31250765,2973.294,59.765,50000.000,3077.882,261.471,50000.000
31300758,2853.764,-7.471,50000.000,3107.764,194.235,50000.000
31350750,2674.470,-112.059,50000.000,3077.882,59.765,50001.000
31400777,2868.706,52.294,50000.000,2823.882,306.294,49999.000
31450785,2629.647,7.471,50000.000,2756.647,276.412,50000.000
31500741,2338.294,-22.412,50000.000,2629.647,44.824,50000.000
31550755,2248.647,22.412,50000.000,2345.765,141.941,50000.000
31600762,1949.823,82.176,50000.000,2114.176,127.000,50000.000
31650769,1591.235,-59.765,50000.000,1867.647,67.235,50000.000
31700761,1411.941,-52.294,50000.000,1621.118,186.765,50000.000
31750767,1240.118,-29.882,50000.000,1270.000,67.235,50000.000
31800759,866.588,-59.765,50000.000,986.118,-59.765,50000.000
31850744,657.412,-74.706,50000.000,672.353,104.588,50000.000
31900749,298.824,-22.412,50000.000,358.588,59.765,50000.000
31950746,7.471,37.353,50000.000,14.941,-14.941,50000.000
32000721,-171.824,14.941,50000.000,-216.647,-7.471,50000.000
32050735,-463.176,14.941,50000.000,-470.647,-74.706,50001.000
32100768,-664.882,104.588,50000.000,-724.647,-89.647,49999.000
32150785,-851.647,37.353,50000.000,-918.882,-37.353,50000.000
32200750,-1008.529,22.412,50000.000,-1135.529,-104.588,50000.000
32250772,-1157.941,14.941,50000.000,-1277.470,-82.176,50000.000
32300769,-1255.059,29.882,50000.000,-1426.882,-67.235,50000.000
32350766,-1299.882,-7.471,50000.000,-1419.412,-134.471,50000.000
32400754,-1374.588,0.000,50000.000,-1449.294,-186.765,50000.000
32450711,-1389.529,59.765,50000.000,-1553.882,-119.529,50000.000
32500779,-1404.470,0.000,50000.000,-1576.294,-89.647,50000.000
32550704,-1486.647,67.235,50000.000,-1613.647,-97.118,50000.000
32600762,-1494.118,97.118,50000.000,-1651.000,-74.706,50000.000
32650754,-1464.235,-22.412,50000.000,-1561.353,-156.882,50000.000
32700777,-1479.176,14.941,50000.000,-1598.706,-156.882,50000.000
32750777,-1397.000,29.882,50000.000,-1553.882,-127.000,50000.000
32800776,-1419.412,7.471,50000.000,-1471.706,-156.882,50001.000
32850764,-1247.588,29.882,50000.000,-1426.882,-97.118,49999.000
32900789,-1172.882,7.471,50000.000,-1307.353,-119.529,50000.000
32950751,-1210.235,74.706,50000.000,-1262.529,-194.235,50000.000
33000775,-1090.706,82.176,50000.000,-1232.647,-82.176,50000.000
33050759,-1008.529,0.000,50000.000,-1105.647,-67.235,50001.000
33100715,-986.118,7.471,50000.000,-1016.000,-59.765,50001.000
33150745,-866.588,104.588,50000.000,-1008.529,-22.412,50000.000
33200763,-791.882,29.882,50000.000,-903.941,-156.882,50000.000
33250759,-672.353,-74.706,50000.000,-679.823,-112.059,50000.000
33300757,-567.765,22.412,50000.000,-649.941,-29.882,50000.000
33350755,-478.118,37.353,50000.000,-522.941,-104.588,50000.000
33400759,-313.765,-29.882,50000.000,-328.706,-44.824,50000.000
33450751,-194.235,-29.882,50000.000,-231.588,-67.235,50000.000
33500763,-186.765,67.235,50000.000,-149.412,-104.588,50001.000
33550775,-37.353,37.353,50000.000,-82.176,0.000,49999.000
33600701,37.353,-22.412,50000.000,37.353,22.412,50001.000
33650749,44.824,-7.471,50000.000,67.235,0.000,49999.000
33700680,141.941,7.471,50000.000,119.529,44.824,50000.000
33750732,156.882,44.824,50000.000,171.824,37.353,50000.000
33800747,216.647,-22.412,50000.000,239.059,-37.353,50000.000
33850748,276.412,-82.176,50000.000,336.176,0.000,50000.000
33900691,298.824,7.471,50000.000,313.765,22.412,50000.000
33950725,336.176,-7.471,50000.000,366.059,67.235,49998.000
34000756,366.059,-29.882,50000.000,425.823,59.765,50000.000
34050748,343.647,74.706,50000.000,351.118,59.765,50000.000
34100744,418.353,0.000,50000.000,433.294,74.706,50000.000
34150684,403.412,-74.706,50000.000,425.823,164.353,50000.000
34200749,321.235,-14.941,50000.000,343.647,29.882,50000.000
34250758,268.941,0.000,50000.000,343.647,22.412,50000.000
34300689,351.118,-104.588,50000.000,381.000,37.353,50000.000
34350750,298.824,-74.706,50000.000,366.059,-7.471,50000.000
34400725,276.412,0.000,50000.000,276.412,0.000,50000.000
34450624,246.529,52.294,50000.000,239.059,44.824,50000.000
34500743,179.294,52.294,50000.000,209.176,-59.765,50000.000
34550752,186.765,-89.647,50000.000,246.529,-29.882,50000.000
34600752,127.000,-14.941,50000.000,156.882,-7.471,50000.000
34650736,67.235,22.412,50000.000,74.706,-29.882,50000.000
34700737,14.941,0.000,50000.000,44.824,-7.471,50000.000
34750659,0.000,22.412,50000.000,-22.412,-37.353,50000.000
34800675,-37.353,-44.824,50000.000,-7.471,-52.294,50000.000
34850725,-74.706,0.000,50000.000,-89.647,-37.353,50000.000
34900680,-97.118,29.882,50000.000,-164.353,-14.941,50000.000
34950749,-149.412,-44.824,50000.000,-119.529,-59.765,50000.000
35000754,-194.235,59.765,50000.000,-246.529,-52.294,50000.000
35050754,-216.647,37.353,50000.000,-276.412,-89.647,50000.000
35100755,-261.471,-82.176,50000.000,-186.765,-89.647,50000.000
35150755,-283.882,0.000,50000.000,-313.765,-22.412,50000.000
35200690,-268.941,67.235,50000.000,-336.176,0.000,50001.000
35250711,-313.765,52.294,50000.000,-321.235,0.000,49999.000
35300715,-254.000,14.941,50000.000,-328.706,-22.412,50001.000
35350765,-268.941,-52.294,50000.000,-231.588,-67.235,49999.000
35400784,-231.588,-7.471,50000.000,-283.882,-37.353,50001.000
35450755,-216.647,74.706,50000.000,-261.471,44.824,49999.000
35500767,-216.647,127.000,50000.000,-268.941,134.471,50000.000
35550763,-97.118,22.412,50000.000,-254.000,373.529,50000.000
35600749,-291.353,-366.059,50000.000,-283.882,-119.529,50000.000
35650770,-776.941,-455.706,50000.000,-537.882,-209.176,50000.000
35700772,-732.118,-74.706,50000.000,-1008.529,0.000,50000.000
35750691,-971.176,89.647,50000.000,-1143.000,-67.235,50000.000
35800764,-1157.941,-7.471,50000.000,-1083.235,-351.118,50000.000
35850759,-859.118,0.000,50000.000,-1090.706,0.000,50000.000
35900626,-859.118,-14.941,50000.000,-956.235,-59.765,50000.000
35950757,-903.941,0.000,50000.000,-903.941,-171.824,50000.000
36000696,-709.706,104.588,50000.000,-844.176,-44.824,50000.000
36050755,-627.529,134.471,50000.000,-784.412,-37.353,50000.000
36100756,-567.765,0.000,50000.000,-560.294,-112.059,50000.000
36150693,-306.294,-59.765,50000.000,-425.823,-52.294,50001.000
36200773,-268.941,97.118,50000.000,-366.059,14.941,49999.000
36250771,-171.824,104.588,50000.000,-201.706,-22.412,50001.000
36300767,-14.941,-67.235,50000.000,14.941,0.000,49999.000
36350707,104.588,-22.412,50000.000,149.412,-7.471,50000.000
36400730,246.529,59.765,50000.000,246.529,0.000,50000.000
36450680,403.412,-14.941,50000.000,470.647,37.353,50000.000
36500747,537.882,0.000,50000.000,627.529,82.176,50000.000
36550694,702.235,261.471,50000.000,694.765,478.118,50000.000
36600753,971.176,814.294,50000.000,448.235,1441.823,50000.000
36650773,926.353,97.118,50000.000,769.471,-186.765,50000.000
36700749,657.412,-903.941,50000.000,1501.588,-448.235,50000.000
36750770,1621.118,-769.471,50000.000,1441.823,702.235,50000.000
36800770,1568.823,44.824,50000.000,1389.529,1016.000,50000.000
36850771,1501.588,358.588,50000.000,1643.529,209.176,50000.000
36900774,1688.353,216.647,50000.000,1942.353,-164.353,50000.000
36950772,2129.117,-321.235,50000.000,2569.882,-74.706,50000.000
37000772,2517.588,-171.824,50000.000,2771.588,201.706,50000.000
37050770,2756.647,-59.765,50000.000,2921.000,328.706,50001.000
37100775,2794.000,82.176,50000.000,3107.764,276.412,49999.000
37150787,3070.412,134.471,50000.000,3272.117,119.529,50001.000
37200782,3175.000,-268.941,50000.000,3623.235,119.529,49999.000
37250798,3167.529,-321.235,50000.000,3675.529,112.059,50000.000
37300775,3204.882,82.176,50000.000,3346.823,134.471,50000.000
37350766,2965.823,37.353,50000.000,3331.882,156.882,50000.000
37400771,2950.882,59.765,50000.000,3137.647,104.588,50000.000
37450763,2831.353,-119.529,50000.000,3085.353,186.765,50000.000
37500770,2525.059,-134.471,50000.000,2786.529,104.588,50000.000
37550768,2211.294,0.000,50000.000,2398.059,156.882,50000.000
37600702,1815.353,-44.824,50000.000,2024.529,112.059,50000.000
37650761,1374.588,-29.882,50000.000,1479.176,67.235,50000.000
37700769,918.882,7.471,50000.000,963.706,82.176,50000.000
37750730,455.706,-59.765,50000.000,455.706,37.353,50000.000
37800741,-29.882,0.000,50000.000,-67.235,-7.471,50000.000
37850666,-478.118,-59.765,50000.000,-493.059,-59.765,50000.000
37900743,-926.353,22.412,50000.000,-978.647,-67.235,50000.000
37950751,-1157.941,67.235,50000.000,-1404.470,-59.765,50000.000
38000766,-1486.647,44.824,50000.000,-1591.235,-171.824,50000.000
38050775,-1636.059,0.000,50000.000,-1830.294,-89.647,50000.000
38100699,-1770.529,89.647,50000.000,-2024.529,-37.353,50000.000
38150765,-1905.000,-22.412,50000.000,-2181.412,127.000,50000.000
38200768,-2203.823,-52.294,50000.000,-2547.470,216.647,50000.000
38250780,-2913.529,164.353,50000.000,-3219.823,-351.118,50000.000
38300782,-3421.529,395.941,50000.000,-3608.294,-530.412,50000.000
38350772,-3287.059,209.176,50000.000,-3593.353,-328.706,50000.000
38400772,-3331.882,-52.294,50000.000,-3533.588,-231.588,50000.000
38450781,-3115.235,-164.353,50000.000,-3414.059,-149.412,50000.000
38500779,-3249.706,-127.000,50000.000,-3369.235,-231.588,50000.000
38550783,-3272.117,52.294,50000.000,-3458.882,-209.176,50000.000
38600781,-2876.176,328.706,50000.000,-3414.059,-74.706,50000.000
38650767,-2659.529,276.412,50000.000,-2921.000,-127.000,50000.000
38700778,-2009.588,395.941,50000.000,-2256.117,268.941,50000.000
38750777,-941.294,336.176,50000.000,-1322.294,784.412,50000.000
38800774,-141.941,-291.353,50000.000,-97.118,231.588,50000.000
38850760,283.882,-799.353,50000.000,702.235,-403.412,50000.000
38900760,844.176,-694.765,50000.000,1075.765,-59.765,50001.000
38950776,1068.294,-590.176,50000.000,1344.706,-156.882,49999.000
39000800,933.823,-156.882,50000.000,1322.294,-112.059,50000.000
39050773,1187.823,336.176,50000.000,1053.353,141.941,50000.000
39100774,1277.470,209.176,50000.000,1352.176,29.882,50000.000
39150768,1359.647,-67.235,50000.000,1628.588,-97.118,50000.000
39200765,1583.765,-14.941,50000.000,1643.529,239.059,50000.000
39250766,1531.470,0.000,50000.000,1680.882,104.588,50000.000
39300703,1426.882,7.471,50000.000,1651.000,7.471,50000.000
39350720,1509.059,67.235,50000.000,1621.118,119.529,50000.000
39400762,1464.235,29.882,50000.000,1628.588,67.235,50000.000
39450767,1434.353,52.294,50000.000,1561.353,67.235,50000.000
39500761,1434.353,82.176,50000.000,1479.176,112.059,50000.000
39550765,1314.823,0.000,50000.000,1494.118,0.000,50000.000
39600639,1329.765,-82.176,50000.000,1509.059,44.824,50000.000
39650755,1232.647,7.471,50000.000,1299.882,97.118,50001.000
39700756,1023.471,59.765,50000.000,1150.470,67.235,49999.000
39750773,963.706,22.412,50000.000,1083.235,82.176,50000.000
39800751,829.235,44.824,50000.000,971.176,149.412,50000.000
39850755,784.412,0.000,50000.000,866.588,22.412,50000.000
39900687,612.588,-59.765,50000.000,717.176,-29.882,50000.000
39950757,515.471,-29.882,50000.000,530.412,29.882,50000.000
40000747,306.294,52.294,50000.000,336.176,127.000,50000.000
40050756,186.765,448.235,50000.000,7.471,1187.823,50000.000
40100744,119.529,724.647,50000.000,-889.000,1822.823,50000.000
40150768,-1202.765,261.471,50000.000,-1180.353,-971.176,50000.000
40200773,-1680.882,-1023.471,50000.000,-993.588,-747.059,50000.000
40250776,-1090.706,-926.353,50000.000,-1501.588,1038.412,50000.000
40300775,-2338.294,1023.471,50000.000,-3511.176,717.176,50000.000
40350783,-3234.764,1509.059,50000.000,-4086.411,-627.529,50000.000
40400786,-3563.470,-739.588,50000.000,-3130.176,-1098.176,50000.000
40450791,-3376.706,-1113.118,50000.000,-3182.470,-37.353,50000.000
40500778,-2965.823,388.471,50000.000,-4176.059,590.176,50000.000
40550774,-3742.764,1217.706,50000.000,-4467.412,-590.176,50000.000
40600785,-3600.823,44.824,50000.000,-3548.529,-1098.176,50000.000
40650780,-2674.470,-933.823,50000.000,-2667.000,-171.824,50000.000
40700784,-2226.235,-597.647,50000.000,-2353.235,29.882,50000.000
40750785,-2136.588,-179.294,50000.000,-2218.765,-814.294,50000.000
40800789,-1695.823,-433.294,50000.000,-1576.294,-791.882,50000.000
40850785,-889.000,-739.588,50000.000,-784.412,-194.235,50000.000
40900769,-44.824,-612.588,50000.000,-67.235,806.823,50000.000
40950757,493.059,-351.118,50000.000,470.647,448.235,50000.000
41000752,590.176,358.588,50000.000,791.882,-470.647,50000.000
41050759,1367.118,784.412,50000.000,1382.059,-268.941,50000.000
41100769,1628.588,164.353,50000.000,2099.235,-649.941,50000.000
41150777,2017.059,-119.529,50000.000,2599.765,-29.882,50000.000
41200766,2681.941,119.529,50000.000,2644.588,829.235,50000.000
41250774,2607.235,470.647,50000.000,2659.529,388.471,50000.000
41300769,2779.059,127.000,50000.000,3197.412,-194.235,50001.000
41350785,3175.000,-298.824,50000.000,3675.529,276.412,49999.000
41400793,3272.117,-164.353,50000.000,3668.059,418.353,50000.000
41450768,3033.059,119.529,50000.000,3257.176,239.059,50000.000
41500766,2913.529,239.059,50000.000,3137.647,164.353,50000.000
41550768,2943.412,-37.353,50000.000,3227.294,179.294,50000.000
41600766,2517.588,-381.000,50000.000,3197.412,-37.353,50000.000
41650765,2159.000,-246.529,50000.000,2637.117,366.059,50000.000
41700768,2121.647,306.294,50000.000,1905.000,590.176,50000.000
41750767,1441.823,14.941,50000.000,1665.941,-44.824,50000.000
41800767,1128.059,-478.118,50000.000,1524.000,-29.882,50000.000
41850765,866.588,52.294,50000.000,679.823,657.412,50000.000
41900759,261.471,1277.470,50000.000,-306.294,1561.353,50000.000
41950769,59.765,2368.176,50000.000,-1710.765,2278.529,50000.000
42000772,-1105.647,552.823,50000.000,-1494.118,-463.176,50000.000
42050781,-1972.235,-1591.235,50000.000,-1023.471,-1382.059,50000.000
42100790,-1591.235,-1867.647,50000.000,-1665.941,-425.823,50001.000
42150809,-3361.764,866.588,50000.000,-3533.588,679.823,50000.000
42200785,-4474.882,4243.294,50000.000,-7351.058,2547.470,50000.000
42250790,-5662.706,2980.764,50000.000,-8083.176,1576.294,49999.000
42300807,-7941.235,-2024.529,50000.000,-6940.176,-2009.588,50000.000
42350785,-8344.646,-3421.529,50000.000,-7829.176,-1008.529,50000.000
42400792,-8882.529,-642.471,50000.000,-10100.234,560.294,50000.000
42450781,-10399.059,1725.706,50000.000,-12408.646,-336.176,50000.000
42500790,-12005.234,2017.059,50000.000,-13252.822,-478.118,50000.000
42550789,-12162.117,381.000,50000.000,-13491.882,-388.471,50000.000
42600784,-13394.764,-582.706,50000.000,-13603.940,-1890.059,50000.000
42650787,-14216.528,-1337.235,50000.000,-14216.528,-3130.176,50000.000
42700810,-14590.058,-2054.412,50000.000,-14500.411,-4788.647,50000.000
42750793,-15157.822,-1202.765,50000.000,-14410.764,-4586.941,50000.000
42800796,-12774.705,978.647,50000.000,-14731.999,-1150.470,50000.000
42850795,-10600.764,448.235,50000.000,-13387.293,664.882,50000.000
42900785,-9300.882,-1045.882,50000.000,-10705.353,1060.823,50000.000
42950784,-6357.470,-246.529,50000.000,-9681.882,702.235,50001.000
43000791,-7126.941,732.118,50000.000,-8815.294,-194.235,49999.000
43050797,-6096.000,-14.941,50000.000,-6604.000,-903.941,50000.000
43100771,-3638.176,-993.588,50000.000,-3780.117,-410.882,50000.000
43150784,-1225.176,440.765,50000.000,-1688.353,14.941,50000.000
43200766,1397.000,926.353,50000.000,896.471,889.000,50000.000
43250752,4153.647,216.647,50000.000,4721.412,784.412,50000.000
43300768,6155.764,186.765,50000.000,7179.235,500.529,50000.000
43350766,8807.823,254.000,50000.000,9442.823,463.176,50000.000
43400772,10578.353,268.941,50000.000,12139.705,1068.294,50000.000
43450790,13379.822,216.647,50000.000,14209.058,2002.118,50000.000
43500784,14941.176,627.529,50000.000,15800.293,2144.059,50000.000
43550783,15411.822,366.059,50000.000,17331.764,1277.470,50000.000
43600788,16151.411,186.765,50000.000,17832.293,508.000,50000.000
43650782,16427.822,560.294,50000.000,18019.057,478.118,50000.000
43700781,17010.527,508.000,50000.000,19042.527,1195.294,50001.000
43750803,17130.059,1583.765,50000.000,19035.057,3085.353,49999.000
43800802,16681.822,3287.059,50000.000,17809.881,5483.412,50001.000
43850805,15987.058,4340.412,50000.000,15105.528,6021.294,49999.000
43900809,13439.587,3048.000,50000.000,13028.705,3541.059,50000.000
43950787,11086.353,112.059,50000.000,11639.176,1546.412,50000.000
44000782,7440.706,-2853.764,50000.000,8673.353,194.235,50000.000
44050780,2749.176,-2278.529,50000.000,3839.882,-941.294,50000.000
44100791,-1404.470,410.882,50000.000,-1778.000,-224.118,50000.000
44150768,-5251.823,1994.647,50000.000,-6618.941,694.765,50000.000
44200780,-9517.528,1568.823,50000.000,-11116.234,-306.294,50000.000
44250797,-14104.470,851.647,50000.000,-14836.587,-2398.059,50000.000
44300788,-16756.527,1322.294,50000.000,-18287.998,-2286.000,50000.000
44350809,-18175.939,1434.353,50000.000,-20319.998,-2457.823,50000.000
44400806,-19341.352,209.176,50000.000,-21022.234,-2435.412,50000.000
44450794,-20282.646,-306.294,50000.000,-21552.646,-2801.470,50000.000
44500798,-23151.352,-336.176,50000.000,-22389.352,-3638.176,50001.000
44550816,-24271.939,-224.118,50000.000,-23577.176,-4078.941,49999.000
44600814,-23270.881,-239.059,50000.000,-23748.998,-2816.412,50001.000
44650807,-19348.822,-791.882,50000.000,-23763.939,-1202.765,49999.000
44700817,-16868.588,-1292.412,50000.000,-22762.881,-1098.176,50000.000
44750799,-16412.881,-679.823,50000.000,-22344.527,-1292.412,50000.000
44800799,-16524.939,268.941,50000.000,-22583.586,-1135.529,50000.000
44850802,-19931.527,-44.824,50000.000,-21567.586,-1509.059,50002.000
44900804,-18698.881,-82.176,50000.000,-20491.822,-1135.529,50000.000
44950796,-16711.705,440.765,50000.000,-19475.822,-597.647,50000.000
45000794,-14664.764,291.353,50000.000,-15792.822,-1098.176,50000.000
45050799,-11086.353,336.176,50000.000,-12139.705,-2084.294,50000.000
45100795,-6140.823,754.529,50000.000,-6693.646,-2786.529,50000.000
45150793,-1105.647,418.353,50000.000,-620.059,-971.176,50000.000
45200768,4280.647,366.059,50000.000,4347.882,1352.176,50000.000
45250772,8269.940,358.588,50000.000,9263.528,806.823,50000.000
45300775,12124.764,724.647,50000.000,13185.587,732.118,50000.000
45350787,15374.470,1232.647,50000.000,16823.764,1538.941,50000.000
45400799,17638.059,1733.176,50000.000,19259.176,2510.117,50001.000
45450812,18654.057,978.647,50000.000,19774.646,3167.529,49999.000
45500813,17802.410,-201.706,50000.000,20290.117,1546.412,50000.000
45550783,15531.352,89.647,50000.000,19139.646,-470.647,50000.000
45600786,13984.940,298.824,50000.000,17421.410,-1045.882,50000.000
45650794,12737.353,-22.412,50000.000,15441.705,739.588,50000.000
45700783,11474.822,-455.706,50000.000,13820.587,134.471,49998.000
45750807,9711.764,291.353,50000.000,12266.705,-2136.588,50000.000
45800789,8568.764,732.118,50000.000,10951.882,-1329.765,50000.000
45850783,9883.588,366.059,50000.000,10563.411,1419.412,50000.000
45900782,9487.646,-627.529,50000.000,10085.293,1994.647,50000.000
45950787,7126.941,-343.647,50000.000,7971.117,239.059,50000.000
46000769,4713.941,-754.529,50000.000,6088.529,-1822.823,50000.000
46050783,3690.470,-2569.882,50000.000,5446.059,-2756.647,50000.000
46100786,3234.764,-4034.117,50000.000,5371.353,-1710.765,50000.000
46150788,3526.117,-1538.941,50000.000,3578.412,2868.706,50000.000
46200788,3130.176,-1449.294,50000.000,2958.353,1890.059,50000.000
46250784,1314.823,-560.294,50000.000,1763.059,754.529,50000.000
46300774,597.647,-1501.588,50000.000,1068.294,-874.059,50000.000
46350779,-986.118,-971.176,50000.000,-194.235,-1568.823,50000.000
46400776,-1770.529,-1083.235,50000.000,-1411.941,-2069.353,50000.000
46450793,-2024.529,-702.235,50000.000,-1561.353,-1763.059,50000.000
46500784,-1486.647,-1008.529,50000.000,-1150.470,-754.529,50000.000
46550786,-1016.000,-291.353,50000.000,-1150.470,321.235,50000.000
46600776,-806.823,694.765,50000.000,-1434.353,1143.000,50000.000
46650777,-747.059,2009.588,50000.000,-1658.470,1822.823,50000.000
46700781,-119.529,2271.059,50000.000,-1837.765,2413.000,50000.000
46750782,-672.353,2517.588,50000.000,-2256.117,3518.647,50000.000
46800787,-1247.588,2114.176,50000.000,-3309.470,4474.882,50000.000
46850792,-3511.176,769.471,50000.000,-4781.176,2345.765,50000.000
46900785,-6140.823,328.706,50000.000,-6760.882,-224.118,50000.000
46950773,-7836.646,859.118,50000.000,-8748.059,-1352.176,50000.000
47000787,-7582.646,1240.118,50000.000,-10346.764,-1113.118,50000.000
47050794,-9801.411,739.588,50000.000,-11997.764,-1292.412,50000.000
47100793,-9256.059,2106.706,50000.000,-11945.470,164.353,50000.000
47150781,-6932.706,851.647,50000.000,-10219.764,2398.059,50000.000
47200780,-5416.176,-522.941,50000.000,-6320.117,2091.765,50000.000
47250787,-1307.353,948.765,50000.000,-2719.294,2838.823,50000.000
47300782,3249.706,1187.823,50000.000,2136.588,4430.059,50000.000
47350783,7171.764,298.824,50000.000,6656.293,4504.764,50000.000
47400780,8740.588,418.353,50000.000,9764.059,1830.294,50000.000
47450766,11138.646,29.882,50000.000,12864.353,1329.765,50000.000
47500790,14223.999,44.824,50000.000,14209.058,3115.235,50001.000
47550802,14089.528,-1008.529,50000.000,16151.411,313.765,49999.000
47600815,13671.176,-410.882,50000.000,16622.059,-911.412,50000.000
47650785,15867.528,201.706,50000.000,17742.646,351.118,50000.000
47700785,17630.588,7.471,50000.000,18698.881,2151.529,50000.000
47750759,17421.410,500.529,50000.000,19430.998,2241.176,50000.000
47800792,16345.646,2024.529,50000.000,18631.646,2472.765,50000.000
47850799,16285.881,3033.059,50000.000,17047.881,2166.470,50000.000
47900784,14829.116,2876.176,50000.000,15023.352,2898.588,50000.000
47950801,12991.353,1494.118,50000.000,12774.705,4265.706,50000.000
48000794,9099.176,-149.412,50000.000,9756.588,1479.176,50000.000
48050780,4437.529,-156.882,50000.000,5304.117,-104.588,50000.000
48100784,1262.529,814.294,50000.000,806.823,358.588,50000.000
48150771,-2607.235,231.588,50000.000,-2599.765,-1628.588,50000.000
48200790,-5580.529,-545.353,50000.000,-5505.823,-1830.294,50000.000
48250781,-8568.764,-664.882,50000.000,-9099.176,-1494.118,50000.000
48300785,-12079.940,0.000,50000.000,-12632.764,-2525.059,50000.000
48350726,-14597.528,-522.941,50000.000,-15658.352,-3563.470,50000.000
48400804,-17174.881,-1314.823,50000.000,-18168.469,-3481.294,50001.000
48450818,-17249.588,-1016.000,50000.000,-19423.527,-3548.529,49999.000
48500827,-18116.176,-971.176,50000.000,-19655.117,-3085.353,50001.000
48550816,-17473.705,-1561.353,50000.000,-18952.881,-1591.235,49999.000
48600824,-15889.940,-3518.647,50000.000,-16554.822,-1284.941,50000.000
48650809,-14231.470,-2046.941,50000.000,-14395.822,-1516.529,50000.000
48700809,-11967.882,-1180.353,50000.000,-13237.882,-1367.118,50000.000
48750800,-10085.293,-470.647,50000.000,-10907.058,-1150.470,50000.000
48800785,-7321.176,-395.941,50000.000,-8508.999,-724.647,50000.000
48850780,-5617.882,-567.765,50000.000,-6163.235,-1113.118,50000.000
48900784,-3727.823,-866.588,50000.000,-3951.941,-2921.000,50000.000
48950787,-2950.882,-1075.765,50000.000,-2218.765,-4601.882,50000.000
49000787,-1157.941,-283.882,50000.000,-440.765,-2891.117,50000.000
49050785,1098.176,-246.529,50000.000,1479.176,164.353,50000.000
49100771,3443.941,-672.353,50000.000,3772.647,1516.529,50000.000
49150780,3668.059,455.706,50000.000,4116.294,1419.412,50001.000
49200784,5169.646,-209.176,50000.000,6223.000,911.412,49999.000
49250794,7239.000,664.882,50000.000,7948.706,2256.117,50001.000
49300793,9913.470,201.706,50000.000,10540.999,4459.941,49999.000
49350797,12296.588,1568.823,50000.000,11609.293,5647.764,50000.000
49400799,12856.882,1957.294,50000.000,12640.234,4900.706,50000.000
49450789,12685.058,2980.764,50000.000,12580.470,3750.235,50000.000
49500793,11997.764,5109.882,50000.000,10570.882,3055.470,50000.000
49550787,10690.411,5856.941,50000.000,9711.764,2345.765,50000.000
49600786,9383.059,5692.588,50000.000,8673.353,2233.706,50000.000
49650780,7351.058,3623.235,50000.000,7104.529,1045.882,50000.000
49700787,4691.529,216.647,50000.000,6058.646,-948.765,50000.000
49750776,2554.941,-127.000,50000.000,2980.764,-552.823,50000.000
49800778,-776.941,388.471,50000.000,-545.353,-1845.235,50000.000
49850776,-3025.588,522.941,50000.000,-3033.059,-1964.765,50000.000
49900783,-4773.706,0.000,50000.000,-5401.235,-1053.353,50000.000
49950712,-7859.058,-119.529,50000.000,-8142.940,-3107.764,50000.000
50000790,-9898.528,1441.823,50000.000,-10944.411,-4437.529,50000.000
50050806,-12199.470,3496.235,50000.000,-13013.764,-4504.764,50000.000
50100803,-13566.587,3399.117,50000.000,-15210.116,-4908.176,50000.000
50150805,-15269.881,3690.470,50000.000,-18198.352,-4422.588,50001.000
50200813,-15860.058,3690.470,50000.000,-19468.352,-4116.294,49999.000
50250815,-16786.410,3817.470,50000.000,-19953.939,-5461.000,50000.000
50300803,-17047.881,3720.353,50000.000,-20663.646,-4437.529,50000.000
50350799,-17660.469,3010.647,50000.000,-21208.998,-2861.235,50000.000
50400798,-18766.117,2188.882,50000.000,-21126.822,-2554.941,50000.000
50450808,-18287.998,485.588,50000.000,-20842.939,-1404.470,50000.000
50500801,-17555.881,-1068.294,50000.000,-19498.234,-522.941,50000.000
50550802,-14829.116,-1419.412,50000.000,-18467.293,-530.412,50000.000
50600797,-14918.764,-1075.765,50000.000,-18788.527,-3354.294,50000.000
50650803,-17130.059,717.176,50000.000,-18960.352,-4990.353,50000.000
50700789,-12804.587,2345.765,50000.000,-18302.939,-1374.588,50000.000
50750803,-11078.882,3107.764,50000.000,-14881.411,3981.823,50001.000
50800820,-7298.764,3765.176,50000.000,-11407.588,7732.058,49999.000
50850819,-5924.176,5341.470,50000.000,-10159.999,4093.882,50000.000
50900799,-7605.058,3795.059,50000.000,-8015.940,-4303.059,50000.000
50950778,-7022.353,-343.647,50000.000,-5102.412,-7037.293,50000.000
51000784,-3406.588,-2233.706,50000.000,-2353.235,-1860.176,50000.000
51050790,1098.176,-171.824,50000.000,463.176,3324.412,50000.000
51100772,4684.059,2808.941,50000.000,2935.941,4781.176,50000.000
51150777,6932.706,1733.176,50000.000,6066.117,3115.235,50000.000
51200787,7179.235,-82.176,50000.000,9076.764,-1919.941,50000.000
51250779,6723.529,1105.647,50000.000,8927.353,-4557.059,50000.000
51300781,9181.353,463.176,50000.000,10413.999,-2106.706,50000.000
51350784,12236.822,-1964.765,50000.000,13805.646,2114.176,50000.000
51400804,12864.353,-179.294,50000.000,15000.940,4699.000,50000.000
51450788,16278.411,702.235,50000.000,17242.117,4826.000,50000.000
51500796,16166.352,1770.529,50000.000,18736.234,3287.059,50000.000
51550794,16136.470,2786.529,50000.000,17914.469,679.823,50001.000
51600811,15703.176,1255.059,50000.000,18273.057,-821.765,49999.000
51650805,12483.353,724.647,50000.000,17802.410,-739.588,50000.000
51700790,12393.705,2786.529,50000.000,16689.293,500.529,50000.000
51750791,15030.822,1456.765,50000.000,16876.059,388.471,50000.000
51800783,14336.058,-814.294,50000.000,18370.176,-373.529,50000.000
51850788,14052.176,67.235,50000.000,17003.059,754.529,50000.000
51900770,14111.940,918.882,50000.000,14799.234,829.235,50000.000
51950793,12572.999,963.706,50000.000,13962.528,463.176,50000.000
52000791,12304.058,732.118,50000.000,12931.587,986.118,50000.000
52050774,11183.470,261.471,50000.000,11415.058,1023.471,50000.000
52100780,8725.646,-567.765,50000.000,9734.176,470.647,50000.000
52150772,6723.529,-724.647,50000.000,7649.882,-14.941,50001.000
52200787,4743.823,-366.059,50000.000,5319.059,149.412,49999.000
52250788,2457.823,14.941,50000.000,2622.176,388.471,50001.000
52300784,156.882,209.176,50000.000,-119.529,149.412,49999.000
52350786,-2002.118,-82.176,50000.000,-2129.117,-254.000,50000.000
52400774,-3451.412,-366.059,50000.000,-3518.647,-776.941,50000.000
52450779,-4982.882,-687.294,50000.000,-4960.470,-672.353,50000.000
52500781,-5812.117,-433.294,50000.000,-6096.000,-82.176,50000.000
52550779,-6738.470,298.824,50000.000,-7410.823,-216.647,50000.000
52600781,-7575.176,582.706,50000.000,-8367.059,-672.353,50000.000
52650772,-8396.940,29.882,50000.000,-8852.646,-874.059,50000.000
52700776,-8568.764,-89.647,50000.000,-9151.470,-366.059,50000.000
52750774,-8621.059,127.000,50000.000,-9666.940,-179.294,50000.000
52800779,-9084.234,52.294,50000.000,-9905.999,-709.706,50000.000
52850772,-9278.470,-463.176,50000.000,-10010.588,-911.412,50000.000
52900781,-9091.705,-567.765,50000.000,-10137.588,-343.647,50001.000
52950800,-9106.646,-403.412,50000.000,-10518.588,-239.059,50000.000
53000779,-9046.882,59.765,50000.000,-10780.058,-448.235,50000.000
53050771,-9629.588,-112.059,50000.000,-10869.705,-866.588,49999.000
53100807,-9554.882,-358.588,50000.000,-10578.353,-1098.176,50000.000
53150793,-8546.353,-321.235,50000.000,-10413.999,-508.000,50000.000
53200787,-8889.999,-373.529,50000.000,-10085.293,-298.824,50000.000
53250787,-8994.588,-463.176,50000.000,-9876.117,-627.529,50000.000
53300788,-8942.294,-336.176,50000.000,-9778.999,-672.353,50000.000
53350786,-8755.529,-194.235,50000.000,-9562.353,-321.235,50000.000
53400788,-8284.882,-358.588,50000.000,-9002.059,-112.059,50000.000
53450773,-7582.646,-313.765,50000.000,-8292.353,0.000,50000.000
53500708,-7216.588,-141.941,50000.000,-7851.588,-201.706,50000.000
53550777,-6880.411,-74.706,50000.000,-7343.588,-485.588,50000.000
53600775,-6297.706,-231.588,50000.000,-6880.411,-560.294,50000.000
53650782,-5707.529,-261.471,50000.000,-6096.000,-418.353,50000.000
53700772,-5042.646,-224.118,50000.000,-5408.706,-358.588,50000.000
53750779,-4400.176,-141.941,50000.000,-4788.647,-268.941,50001.000
53800799,-3892.176,-254.000,50000.000,-4041.588,-358.588,49999.000
53850803,-3354.294,-231.588,50000.000,-3518.647,-470.647,50000.000
53900783,-2816.412,-134.471,50000.000,-2913.529,-418.353,50000.000
53950777,-2091.765,-209.176,50000.000,-2211.294,-201.706,50000.000
54000771,-1516.529,-171.824,50000.000,-1651.000,-201.706,50000.000
54050772,-1083.235,-156.882,50000.000,-1128.059,-351.118,50000.000
54100779,-515.471,-67.235,50000.000,-500.529,-201.706,50000.000
54150750,0.000,89.647,50000.000,-29.882,44.824,50000.000
54200678,515.471,112.059,50000.000,522.941,209.176,50000.000
54250754,889.000,-7.471,50000.000,971.176,112.059,50000.000
54300727,1128.059,-44.824,50000.000,1404.470,-74.706,50000.000
54350752,1494.118,-67.235,50000.000,1822.823,-52.294,50000.000
54400766,1994.647,74.706,50000.000,2173.941,186.765,50000.000
54450755,2323.353,164.353,50000.000,2465.294,358.588,50000.000
54500769,2577.353,74.706,50000.000,2771.588,291.353,50000.000
54550760,2622.176,-22.412,50000.000,2943.412,119.529,50001.000
54600783,2794.000,14.941,50000.000,3197.412,0.000,50000.000
54650697,3130.176,14.941,50000.000,3339.353,134.471,50000.000
54700761,3316.941,14.941,50000.000,3638.176,306.294,49999.000
54750785,3406.588,-59.765,50000.000,3750.235,201.706,50000.000
54800755,3399.117,-37.353,50000.000,3839.882,141.941,50000.000
54850771,3653.117,127.000,50000.000,3892.176,171.824,50000.000
54900771,3712.882,186.765,50000.000,3966.882,261.471,50000.000
54950769,3712.882,59.765,50000.000,4213.412,291.353,50000.000
55000762,3802.529,127.000,50000.000,4250.765,127.000,50000.000
55050765,3966.882,82.176,50000.000,4295.588,194.235,50000.000
55100769,4019.176,97.118,50000.000,4318.000,246.529,50000.000
55150758,4049.059,67.235,50000.000,4437.529,171.824,50000.000
55200760,3981.823,14.941,50000.000,4482.353,104.588,50000.000
55250767,3914.588,156.882,50000.000,4430.059,201.706,50000.000
55300759,4220.882,276.412,50000.000,4407.647,410.882,50001.000
55350777,4093.882,395.941,50000.000,4332.941,395.941,49999.000
55400779,3981.823,-156.882,50000.000,4624.294,246.529,50001.000
55450788,4019.176,-567.765,50000.000,4840.941,224.118,49999.000
55500784,4295.588,164.353,50000.000,4609.353,537.882,50000.000
55550767,4362.823,440.765,50000.000,4422.588,560.294,50000.000
55600767,3324.412,14.941,50000.000,4751.294,171.824,50000.000
55650762,3570.941,-7.471,50000.000,4422.588,231.588,50000.000
55700742,3974.353,261.471,50000.000,4004.235,590.176,50000.000
55750762,3189.941,0.000,50000.000,4041.588,373.529,50000.000
55800696,3048.000,67.235,50000.000,3757.706,209.176,50000.000
55850759,2181.412,149.412,50000.000,3496.235,-29.882,50000.000
55900767,2517.588,127.000,50000.000,3339.353,-104.588,50000.000
55950772,2599.765,7.471,50000.000,3033.059,-29.882,50000.000
56000735,2629.647,-44.824,50000.000,2943.412,171.824,50000.000
56050761,2442.882,-134.471,50000.000,2741.706,171.824,50000.000
56100765,2196.353,-82.176,50000.000,2427.941,82.176,50001.000
56150775,1837.765,74.706,50000.000,2061.882,-59.765,49999.000
56200775,1553.882,7.471,50000.000,1830.294,-52.294,50001.000
56250756,1411.941,7.471,50000.000,1606.176,0.000,49999.000
56300700,1202.765,-7.471,50000.000,1337.235,97.118,50000.000
56350738,836.706,29.882,50000.000,1075.765,67.235,50000.000
56400748,560.294,22.412,50000.000,754.529,-29.882,50000.000
56450750,321.235,-14.941,50000.000,537.882,-67.235,50000.000
56500758,224.118,-14.941,50000.000,306.294,-44.824,50000.000
56550749,67.235,-29.882,50000.000,82.176,-7.471,50000.000
56600725,-74.706,0.000,50000.000,-119.529,0.000,50002.000
56650637,-149.412,-22.412,50000.000,-328.706,0.000,50000.000
56700686,-268.941,29.882,50000.000,-537.882,29.882,50000.000
56750758,-410.882,291.353,50000.000,-866.588,463.176,50000.000
56800765,-478.118,224.118,50000.000,-1494.118,1180.353,50000.000
56850773,-1060.823,-1060.823,50000.000,-1008.529,-194.235,50000.000
56900784,-1479.176,-1060.823,50000.000,-926.353,-291.353,50000.000
56950781,-911.412,-67.235,50000.000,-1800.412,0.000,50001.000
57000708,-1352.176,373.529,50000.000,-1830.294,-186.765,50000.000
57050780,-1471.706,537.882,50000.000,-1763.059,268.941,49999.000
57100797,-896.471,29.882,50000.000,-1673.412,829.235,50000.000
57150762,-1128.059,-986.118,50000.000,-799.353,-141.941,50000.000
57200769,-1090.706,-642.471,50000.000,-918.882,-246.529,50000.000
57250766,-612.588,224.118,50000.000,-1382.059,201.706,50000.000
57300762,-963.706,112.059,50000.000,-1038.412,-455.706,50000.000
57350763,-911.412,-410.882,50000.000,-597.647,-672.353,50000.000
57400771,-500.529,-179.294,50000.000,-545.353,-201.706,50000.000
57450765,-276.412,7.471,50000.000,-328.706,7.471,49998.000
57500733,-59.765,351.118,50000.000,-89.647,508.000,50000.000
57550748,455.706,1270.000,50000.000,-186.765,1098.176,50000.000
57600769,560.294,500.529,50000.000,119.529,186.765,50000.000
57650758,254.000,-1143.000,50000.000,1397.000,-889.000,50000.000
57700772,732.118,-762.000,50000.000,1359.647,112.059,50000.000
57750761,1292.412,164.353,50000.000,926.353,664.882,50000.000
57800764,956.235,-171.824,50000.000,1531.470,-59.765,50000.000
57850763,1068.294,-194.235,50000.000,1613.647,-246.529,50000.000
57900778,1374.588,74.706,50000.000,1486.647,104.588,50000.000
57950764,1419.412,67.235,50000.000,1680.882,104.588,50000.000
58000766,1471.706,0.000,50000.000,1822.823,7.471,50000.000
58050678,1665.941,37.353,50000.000,1830.294,141.941,50000.000
58100765,1411.941,-7.471,50000.000,1927.412,44.824,50000.000
58150742,1284.941,-7.471,50000.000,1919.941,-29.882,50000.000
58200750,1546.412,156.882,50000.000,1748.118,112.059,50000.000
58250767,1621.118,89.647,50000.000,1748.118,127.000,50000.000
58300764,1471.706,-44.824,50000.000,1830.294,0.000,50000.000
58350692,1434.353,-37.353,50000.000,1792.941,22.412,50000.000
58400760,1456.765,0.000,50000.000,1680.882,82.176,50000.000
58450698,1337.235,0.000,50000.000,1561.353,59.765,50000.000
58500698,1240.118,0.000,50000.000,1449.294,-7.471,50000.000
58550680,1143.000,29.882,50000.000,1299.882,-7.471,50000.000
58600745,1083.235,97.118,50000.000,1143.000,52.294,50000.000
58650760,971.176,127.000,50000.000,1053.353,156.882,50000.000
58700766,829.235,657.412,50000.000,799.353,724.647,50000.000
58750762,926.353,1172.882,50000.000,171.824,1748.118,50000.000
58800770,366.059,-724.647,50000.000,679.823,-156.882,50000.000
58850767,-82.176,-1404.470,50000.000,1150.470,-709.706,50000.000
58900768,530.412,-239.059,50000.000,268.941,268.941,50001.000
58950774,194.235,358.588,50000.000,-89.647,224.118,50000.000
59000760,-224.118,14.941,50000.000,37.353,-679.823,49999.000
59050775,-104.588,-216.647,50000.000,74.706,-455.706,50000.000
59100754,104.588,-119.529,50000.000,22.412,209.176,50000.000
59150756,52.294,-254.000,50000.000,74.706,0.000,50000.000
59200681,-112.059,-104.588,50000.000,7.471,-201.706,50001.000
59250746,7.471,22.412,50000.000,-179.294,0.000,49999.000
59300685,-164.353,82.176,50000.000,-201.706,-52.294,50001.000
59350766,-261.471,-29.882,50000.000,-201.706,-201.706,49999.000
59400769,-231.588,52.294,50000.000,-283.882,-74.706,50000.000
59450756,-261.471,134.471,50000.000,-373.529,29.882,50000.000
59500754,-276.412,717.176,50000.000,-612.588,896.471,50000.000
59550763,-149.412,1606.176,50000.000,-1583.765,2338.294,50000.000
59600781,-649.941,-254.000,50000.000,-1232.647,186.765,50000.000
59650775,-1464.235,-1516.529,50000.000,-134.471,-844.176,50000.000
59700785,-388.471,-545.353,50000.000,-784.412,268.941,50000.000
59750761,-522.941,112.059,50000.000,-971.176,410.882,50000.000
59800763,-1023.471,67.235,50000.000,-814.294,-515.471,50000.000
59850761,-806.823,246.529,50000.000,-1001.059,-560.294,50000.000
59900766,-545.353,127.000,50000.000,-776.941,-7.471,50000.000
59950741,-358.588,-351.118,50000.000,-283.882,44.824,50000.000
